xof 0303txt 0032

template XSkinMeshHeader {
  <3cf169ce-ff7c-44ab-93c0-f78f62d172e2>
  WORD nMaxSkinWeightsPerVertex;
  WORD nMaxSkinWeightsPerFace;
  WORD nBones;
}

template SkinWeights {
  <6f0d123b-bad2-4167-a0d0-80224f25fabb>
  STRING transformNodeName;
  DWORD nWeights;
  array DWORD vertexIndices[nWeights];
  array float weights[nWeights];
  Matrix4x4 matrixOffset;
}

Frame Root {
  FrameTransformMatrix {
     1.000000, 0.000000, 0.000000, 0.000000,
     0.000000,-0.000000,-1.000000, 0.000000,
     0.000000, 1.000000,-0.000000, 0.000000,
     0.000000, 0.000000, 0.000000, 1.000000;;
  }
  Frame group1 {
    FrameTransformMatrix {
       1.000000, 0.000000, 0.000000, 0.000000,
       0.000000, 1.000000, 0.000000, 0.000000,
       0.000000, 0.000000, 1.000000, 0.000000,
       0.000000, 0.000000, 0.000000, 1.000000;;
    }
    Frame Character1_Reference {
      FrameTransformMatrix {
         1.000000, 0.000000, 0.000000, 0.000000,
         0.000000, 1.000000, 0.000000, 0.000000,
         0.000000, 0.000000, 1.000000, 0.000000,
         0.000000, 0.000000, 0.000000, 1.000000;;
      }
      Frame Character1_Reference_Character1_Hips {
        FrameTransformMatrix {
           0.001362, 0.008928, 0.999959, 0.000000,
           0.049611,-0.998729, 0.008849, 0.000000,
           0.998768, 0.049597,-0.001803, 0.000000,
           1.592226,-2.880115,86.674866, 1.000000;;
        }
        Frame Character1_Reference_Character1_LeftUpLeg {
          FrameTransformMatrix {
            -0.059112, 0.994918,-0.081510, 0.000000,
            -0.998167,-0.059973,-0.008148, 0.000000,
            -0.012995, 0.080879, 0.996639, 0.000000,
            -6.031916, 0.207881, 7.298307, 1.000000;;
          }
          Frame Character1_Reference_Character1_LeftLeg {
            FrameTransformMatrix {
               0.992066, 0.059976, 0.110490, 0.000000,
              -0.060071, 0.998191,-0.002472, 0.000000,
              -0.110438,-0.004185, 0.993874, 0.000000,
              -0.800529,35.179890,-0.514496, 1.000000;;
            }
            Frame Character1_Reference_Character1_LeftFoot {
              FrameTransformMatrix {
                 0.832688,-0.553385, 0.019903, 0.000000,
                 0.553739, 0.832017,-0.033464, 0.000000,
                 0.001959, 0.038886, 0.999242, 0.000000,
                 0.383049,37.866695, 0.377766, 1.000000;;
              }
              Frame Character1_Reference_Character1_LeftToeBase {
                FrameTransformMatrix {
                   0.460733,-0.885795, 0.055610, 0.000000,
                   0.887165, 0.461453, 0.000109, 0.000000,
                  -0.025758, 0.049285, 0.998452, 0.000000,
                   4.771108, 8.429445, 0.392164, 1.000000;;
                }
              } // End of Character1_Reference_Character1_LeftToeBase
            } // End of Character1_Reference_Character1_LeftFoot
          } // End of Character1_Reference_Character1_LeftLeg
        } // End of Character1_Reference_Character1_LeftUpLeg
        Frame Character1_Reference_Character1_RightUpLeg {
          FrameTransformMatrix {
            -0.030063, 0.999548, 0.000511, 0.000000,
            -0.997638,-0.029974,-0.061812, 0.000000,
            -0.061769,-0.002368, 0.998088, 0.000000,
            -6.083585, 0.207877,-7.255266, 1.000000;;
          }
          Frame Character1_Reference_Character1_RightLeg {
            FrameTransformMatrix {
               0.998504, 0.054579,-0.003435, 0.000000,
              -0.054566, 0.998503, 0.003817, 0.000000,
               0.003639,-0.003624, 0.999987, 0.000000,
              -0.800435,35.136383, 1.823284, 1.000000;;
            }
            Frame Character1_Reference_Character1_RightFoot {
              FrameTransformMatrix {
                 0.850219,-0.525493,-0.031370, 0.000000,
                 0.526428, 0.848630, 0.051962, 0.000000,
                -0.000684,-0.060694, 0.998156, 0.000000,
                 0.382682,37.854542, 1.031358, 1.000000;;
              }
              Frame Character1_Reference_Character1_RightToeBase {
                FrameTransformMatrix {
                   0.461451,-0.887166, 0.000003, 0.000000,
                   0.887166, 0.461451, 0.000117, 0.000000,
                  -0.000106,-0.000051, 1.000000, 0.000000,
                   4.765778, 8.439146,-0.202449, 1.000000;;
                }
              } // End of Character1_Reference_Character1_RightToeBase
            } // End of Character1_Reference_Character1_RightFoot
          } // End of Character1_Reference_Character1_RightLeg
        } // End of Character1_Reference_Character1_RightUpLeg
        Frame Character1_Reference_Character1_Spine {
          FrameTransformMatrix {
            -0.085454, 0.996342, 0.000303, 0.000000,
             0.996336, 0.085455,-0.003541, 0.000000,
            -0.003554,-0.000001,-0.999994, 0.000000,
             2.271334, 0.818149,-0.008070, 1.000000;;
          }
          Frame Character1_Reference_Character1_Spine1 {
            FrameTransformMatrix {
               0.992495, 0.121931, 0.009249, 0.000000,
              -0.121940, 0.992537, 0.000382, 0.000000,
              -0.009133,-0.001507, 0.999957, 0.000000,
               0.175515, 9.134360, 0.000001, 1.000000;;
            }
            Frame Character1_Reference_Character1_Spine2 {
              FrameTransformMatrix {
                 0.960657, 0.277222, 0.016928, 0.000000,
                -0.277391, 0.960718, 0.008632, 0.000000,
                -0.013870,-0.012988, 0.999819, 0.000000,
                -0.030447, 8.766672, 0.000002, 1.000000;;
              }
              Frame Character1_Reference_Character1_LeftShoulder {
                FrameTransformMatrix {
                   0.950482,-0.310475,-0.013726, 0.000000,
                  -0.019699,-0.016111,-0.999676, 0.000000,
                   0.310153, 0.950445,-0.021429, 0.000000,
                  -0.139496,12.236696,-4.222682, 1.000000;;
                }
                Frame Character1_Reference_Character1_LeftArm {
                  FrameTransformMatrix {
                     0.988140, 0.027226,-0.151122, 0.000000,
                    -0.090370, 0.898786,-0.428972, 0.000000,
                     0.124147, 0.437542, 0.890587, 0.000000,
                    -0.000005, 5.543702,-0.000076, 1.000000;;
                  }
                  Frame Character1_Reference_Character1_LeftForeArm {
                    FrameTransformMatrix {
                       0.987684,-0.131898, 0.084164, 0.000000,
                       0.131812, 0.991253, 0.006607, 0.000000,
                      -0.084300, 0.004568, 0.996430, 0.000000,
                       0.000849,23.377760,-0.000633, 1.000000;;
                    }
                    Frame Character1_Reference_Character1_LeftHand {
                      FrameTransformMatrix {
                         0.979044,-0.064193, 0.193268, 0.000000,
                         0.037682, 0.989736, 0.137849, 0.000000,
                        -0.200133,-0.127678, 0.971414, 0.000000,
                        -0.000030,16.248198,-0.000026, 1.000000;;
                      }
                      Frame Character1_Reference_Character1_LeftHandIndex1 {
                        FrameTransformMatrix {
                           0.969936, 0.080493,-0.229664, 0.000000,
                          -0.094128, 0.994352,-0.049028, 0.000000,
                           0.224420, 0.069172, 0.972034, 0.000000,
                           2.571343, 8.074953, 0.142830, 1.000000;;
                        }
                        Frame Character1_Reference_Character1_LeftHandIndex2 {
                          FrameTransformMatrix {
                             0.999955,-0.007660,-0.005523, 0.000000,
                             0.007085, 0.995211,-0.097491, 0.000000,
                             0.006243, 0.097448, 0.995221, 0.000000,
                             0.250706, 2.426043, 0.118658, 1.000000;;
                          }
                          Frame Character1_Reference_Character1_LeftHandIndex3 {
                            FrameTransformMatrix {
                               0.999843, 0.012652,-0.012403, 0.000000,
                              -0.013065, 0.999343,-0.033811, 0.000000,
                               0.011967, 0.033968, 0.999351, 0.000000,
                               0.011821, 1.609686, 0.045843, 1.000000;;
                            }
                            Frame Character1_Reference_Character1_LeftHandIndex4 {
                              FrameTransformMatrix {
                                -0.024617,-0.001097, 0.999696, 0.000000,
                                -0.067816, 0.997698,-0.000576, 0.000000,
                                -0.997394,-0.067810,-0.024635, 0.000000,
                                 0.100699, 2.124989,-0.163701, 1.000000;;
                              }
                            } // End of Character1_Reference_Character1_LeftHandIndex4
                          } // End of Character1_Reference_Character1_LeftHandIndex3
                        } // End of Character1_Reference_Character1_LeftHandIndex2
                      } // End of Character1_Reference_Character1_LeftHandIndex1
                      Frame Character1_Reference_Character1_LeftHandMiddle1 {
                        FrameTransformMatrix {
                           0.986232, 0.120391,-0.113369, 0.000000,
                          -0.120453, 0.992699, 0.006328, 0.000000,
                           0.113303, 0.007415, 0.993533, 0.000000,
                           0.582166, 8.069618, 0.602131, 1.000000;;
                        }
                        Frame Character1_Reference_Character1_LeftHandMiddle2 {
                          FrameTransformMatrix {
                             0.997994, 0.002790, 0.063247, 0.000000,
                             0.015321, 0.958689,-0.284045, 0.000000,
                            -0.061427, 0.284444, 0.956723, 0.000000,
                             0.148199, 2.506312,-0.379350, 1.000000;;
                          }
                          Frame Character1_Reference_Character1_LeftHandMiddle3 {
                            FrameTransformMatrix {
                               0.995936, 0.081414, 0.038512, 0.000000,
                              -0.077050, 0.991617,-0.103720, 0.000000,
                              -0.046633, 0.100331, 0.993861, 0.000000,
                              -0.006784, 1.943110,-0.016170, 1.000000;;
                            }
                            Frame Character1_Reference_Character1_LeftHandMiddle4 {
                              FrameTransformMatrix {
                                 0.003165, 0.057159, 0.998360, 0.000000,
                                 0.038860, 0.997604,-0.057239, 0.000000,
                                -0.999240, 0.038977, 0.000936, 0.000000,
                                 0.091105, 2.201403,-0.011725, 1.000000;;
                              }
                            } // End of Character1_Reference_Character1_LeftHandMiddle4
                          } // End of Character1_Reference_Character1_LeftHandMiddle3
                        } // End of Character1_Reference_Character1_LeftHandMiddle2
                      } // End of Character1_Reference_Character1_LeftHandMiddle1
                      Frame Character1_Reference_Character1_LeftHandPinky1 {
                        FrameTransformMatrix {
                           0.928913, 0.301067, 0.215591, 0.000000,
                          -0.231877, 0.926857,-0.295243, 0.000000,
                          -0.288710, 0.224264, 0.930780, 0.000000,
                          -2.783566, 6.575299, 0.228365, 1.000000;;
                        }
                        Frame Character1_Reference_Character1_LeftHandPinky2 {
                          FrameTransformMatrix {
                             0.996009, 0.080894,-0.037717, 0.000000,
                            -0.082129, 0.996093,-0.032448, 0.000000,
                             0.034945, 0.035416, 0.998761, 0.000000,
                             0.013280, 1.809686, 0.001443, 1.000000;;
                          }
                          Frame Character1_Reference_Character1_LeftHandPinky3 {
                            FrameTransformMatrix {
                               0.993223, 0.115415, 0.013663, 0.000000,
                              -0.110373, 0.973523,-0.200175, 0.000000,
                              -0.036404, 0.197311, 0.979665, 0.000000,
                               0.000278, 1.391084,-0.024772, 1.000000;;
                            }
                            Frame Character1_Reference_Character1_LeftHandPinky4 {
                              FrameTransformMatrix {
                                 0.995404, 0.005733, 0.095587, 0.000000,
                                -0.006468, 0.999952, 0.007379, 0.000000,
                                -0.095540,-0.007964, 0.995394, 0.000000,
                                -0.029926, 1.920946, 0.002331, 1.000000;;
                              }
                            } // End of Character1_Reference_Character1_LeftHandPinky4
                          } // End of Character1_Reference_Character1_LeftHandPinky3
                        } // End of Character1_Reference_Character1_LeftHandPinky2
                      } // End of Character1_Reference_Character1_LeftHandPinky1
                      Frame Character1_Reference_Character1_LeftHandRing1 {
                        FrameTransformMatrix {
                           0.953536, 0.222778, 0.202825, 0.000000,
                          -0.180678, 0.961567,-0.206748, 0.000000,
                          -0.241089, 0.160495, 0.957140, 0.000000,
                          -1.262624, 7.679278, 0.624606, 1.000000;;
                        }
                        Frame Character1_Reference_Character1_LeftHandRing2 {
                          FrameTransformMatrix {
                             0.994560, 0.067561,-0.079282, 0.000000,
                            -0.087129, 0.956697,-0.277740, 0.000000,
                             0.057084, 0.283137, 0.957379, 0.000000,
                            -0.075407, 2.368270,-0.109829, 1.000000;;
                          }
                          Frame Character1_Reference_Character1_LeftHandRing3 {
                            FrameTransformMatrix {
                               0.994561, 0.067312, 0.079480, 0.000000,
                              -0.060087, 0.994124,-0.090043, 0.000000,
                              -0.085074, 0.084778, 0.992761, 0.000000,
                               0.016664, 1.590754, 0.086093, 1.000000;;
                            }
                            Frame Character1_Reference_Character1_LeftHandRing4 {
                              FrameTransformMatrix {
                                 0.999964,-0.005142,-0.006731, 0.000000,
                                 0.005367, 0.999411, 0.033881, 0.000000,
                                 0.006553,-0.033916, 0.999403, 0.000000,
                                -0.011566, 2.522669, 0.238404, 1.000000;;
                              }
                            } // End of Character1_Reference_Character1_LeftHandRing4
                          } // End of Character1_Reference_Character1_LeftHandRing3
                        } // End of Character1_Reference_Character1_LeftHandRing2
                      } // End of Character1_Reference_Character1_LeftHandRing1
                      Frame Character1_Reference_Character1_LeftHandThumb1 {
                        FrameTransformMatrix {
                          -0.528192,-0.102523,-0.842913, 0.000000,
                           0.487975, 0.775742,-0.400132, 0.000000,
                           0.694906,-0.622666,-0.359713, 0.000000,
                           1.826638, 2.476078,-1.423607, 1.000000;;
                        }
                        Frame Character1_Reference_Character1_LeftHandThumb2 {
                          FrameTransformMatrix {
                             0.990115,-0.139549, 0.014117, 0.000000,
                             0.140021, 0.977506,-0.157721, 0.000000,
                             0.008211, 0.158138, 0.987383, 0.000000,
                             0.198578, 3.214551,-0.152299, 1.000000;;
                          }
                          Frame Character1_Reference_Character1_LeftHandThumb3 {
                            FrameTransformMatrix {
                               0.999218, 0.038800, 0.007529, 0.000000,
                              -0.036814, 0.982981,-0.179979, 0.000000,
                              -0.014385, 0.179561, 0.983642, 0.000000,
                              -0.100340, 1.756605,-0.008471, 1.000000;;
                            }
                            Frame Character1_Reference_Character1_LeftHandThumb4 {
                              FrameTransformMatrix {
                                 0.997325, 0.051686, 0.051693, 0.000000,
                                -0.052775, 0.998407, 0.019939, 0.000000,
                                -0.050580,-0.022614, 0.998464, 0.000000,
                                -0.114395, 2.630434, 0.057088, 1.000000;;
                              }
                            } // End of Character1_Reference_Character1_LeftHandThumb4
                          } // End of Character1_Reference_Character1_LeftHandThumb3
                        } // End of Character1_Reference_Character1_LeftHandThumb2
                      } // End of Character1_Reference_Character1_LeftHandThumb1
                    } // End of Character1_Reference_Character1_LeftHand
                    Frame Character1_Reference_J_L_Sode_A00 {
                      FrameTransformMatrix {
                         0.977923,-0.175625, 0.113238, 0.000000,
                         0.153062, 0.970933, 0.184015, 0.000000,
                        -0.142264,-0.162620, 0.976379, 0.000000,
                         3.601035, 4.704525,-0.102928, 1.000000;;
                      }
                      Frame Character1_Reference_J_L_Sode_A01 {
                        FrameTransformMatrix {
                          -0.066266,-0.000000,-0.997802, 0.000000,
                          -0.000000, 1.000000,-0.000000, 0.000000,
                           0.997802, 0.000000,-0.066266, 0.000000,
                          -1.089506,14.825149,-1.834229, 1.000000;;
                        }
                      } // End of Character1_Reference_J_L_Sode_A01
                    } // End of Character1_Reference_J_L_Sode_A00
                    Frame Character1_Reference_J_L_Sode_B00 {
                      FrameTransformMatrix {
                         0.000346,-0.101193, 0.994867, 0.000000,
                        -0.001060, 0.994866, 0.101193, 0.000000,
                        -0.999999,-0.001090, 0.000237, 0.000000,
                         0.025279, 4.425111, 3.773077, 1.000000;;
                      }
                      Frame Character1_Reference_J_L_Sode_B01 {
                        FrameTransformMatrix {
                           1.000000,-0.000001,-0.000000, 0.000000,
                           0.000001, 1.000000, 0.000000, 0.000000,
                           0.000000,-0.000000, 1.000000, 0.000000,
                           0.000007,15.087296, 0.000000, 1.000000;;
                        }
                      } // End of Character1_Reference_J_L_Sode_B01
                    } // End of Character1_Reference_J_L_Sode_B00
                    Frame Character1_Reference_J_L_Sode_C00 {
                      FrameTransformMatrix {
                        -0.963229,-0.268402, 0.012301, 0.000000,
                        -0.268683, 0.962239,-0.043661, 0.000000,
                        -0.000118,-0.045361,-0.998971, 0.000000,
                        -4.891026, 4.139000,-1.278876, 1.000000;;
                      }
                      Frame Character1_Reference_J_L_Sode_C01 {
                        FrameTransformMatrix {
                           1.000000, 0.000000,-0.000000, 0.000000,
                          -0.000000, 1.000000,-0.000000, 0.000000,
                           0.000000, 0.000000, 1.000000, 0.000000,
                          -0.000001,16.287884,-0.000008, 1.000000;;
                        }
                      } // End of Character1_Reference_J_L_Sode_C01
                    } // End of Character1_Reference_J_L_Sode_C00
                    Frame Character1_Reference_J_L_Sode_D00 {
                      FrameTransformMatrix {
                         0.243524,-0.157313,-0.957052, 0.000000,
                        -0.114323, 0.975224,-0.189389, 0.000000,
                         0.963134, 0.155534, 0.219506, 0.000000,
                         0.271871, 4.395505,-3.898795, 1.000000;;
                      }
                      Frame Character1_Reference_J_L_Sode_D01 {
                        FrameTransformMatrix {
                           1.000000,-0.000000, 0.000000, 0.000000,
                           0.000000, 1.000000,-0.000000, 0.000000,
                          -0.000000, 0.000000, 1.000000, 0.000000,
                          -0.081642,14.457128, 0.739902, 1.000000;;
                        }
                      } // End of Character1_Reference_J_L_Sode_D01
                    } // End of Character1_Reference_J_L_Sode_D00
                  } // End of Character1_Reference_Character1_LeftForeArm
                } // End of Character1_Reference_Character1_LeftArm
              } // End of Character1_Reference_Character1_LeftShoulder
              Frame Character1_Reference_Character1_Neck {
                FrameTransformMatrix {
                   0.929739,-0.368135, 0.007823, 0.000000,
                   0.368216, 0.929445,-0.023435, 0.000000,
                   0.001356, 0.024669, 0.999695, 0.000000,
                   0.829849,15.685149,-0.028670, 1.000000;;
                }
                Frame Character1_Reference_Character1_Head {
                  FrameTransformMatrix {
                     0.986136, 0.164107,-0.024579, 0.000000,
                    -0.164284, 0.986399,-0.005352, 0.000000,
                     0.023367, 0.009316, 0.999684, 0.000000,
                    -0.553455, 7.808312, 0.000000, 1.000000;;
                  }
                  Frame Character1_Reference_J_L_HairFront_00 {
                    FrameTransformMatrix {
                       0.992729, 0.089407,-0.080444, 0.000000,
                       0.094209,-0.993862, 0.057982, 0.000000,
                      -0.074781,-0.065142,-0.995066, 0.000000,
                      11.062724,11.835329, 0.064682, 1.000000;;
                    }
                    Frame Character1_Reference_J_L_HairFront_01 {
                      FrameTransformMatrix {
                         0.985627, 0.113559,-0.125075, 0.000000,
                        -0.139234, 0.965344,-0.220739, 0.000000,
                         0.095673, 0.234981, 0.967280, 0.000000,
                        -0.055595, 8.693603, 0.224344, 1.000000;;
                      }
                    } // End of Character1_Reference_J_L_HairFront_01
                  } // End of Character1_Reference_J_L_HairFront_00
                  Frame Character1_Reference_J_L_HairSide_00 {
                    FrameTransformMatrix {
                       0.950380,-0.310720,-0.015153, 0.000000,
                      -0.299829,-0.901905,-0.310917, 0.000000,
                       0.082941, 0.300033,-0.950316, 0.000000,
                       8.420379, 9.528872,-8.411827, 1.000000;;
                    }
                    Frame Character1_Reference_J_L_HairSide_01 {
                      FrameTransformMatrix {
                         0.999773,-0.013255,-0.016696, 0.000000,
                         0.011631, 0.995514,-0.093894, 0.000000,
                         0.017866, 0.093679, 0.995442, 0.000000,
                         0.000000, 7.190710,-0.000004, 1.000000;;
                      }
                      Frame Character1_Reference_J_L_HairSide_02 {
                        FrameTransformMatrix {
                           0.421820,-0.163832, 0.891755, 0.000000,
                           0.311797, 0.949765, 0.027002, 0.000000,
                          -0.851381, 0.266657, 0.451712, 0.000000,
                           0.000003, 7.073254, 0.000001, 1.000000;;
                        }
                      } // End of Character1_Reference_J_L_HairSide_02
                    } // End of Character1_Reference_J_L_HairSide_01
                  } // End of Character1_Reference_J_L_HairSide_00
                  Frame Character1_Reference_J_L_HairTail_00 {
                    FrameTransformMatrix {
                      -0.933315, 0.359058, 0.000446, 0.000000,
                      -0.349860,-0.909125,-0.226031, 0.000000,
                      -0.080753,-0.211114, 0.974120, 0.000000,
                      -6.754834, 3.154413,-6.546029, 1.000000;;
                    }
                    Frame Character1_Reference_J_L_HairTail_01 {
                      FrameTransformMatrix {
                         0.999985, 0.005479, 0.000246, 0.000000,
                        -0.005479, 0.999984,-0.001051, 0.000000,
                        -0.000251, 0.001050, 0.999999, 0.000000,
                        -0.000002,11.597695, 0.000000, 1.000000;;
                      }
                      Frame Character1_Reference_J_L_HairTail_02 {
                        FrameTransformMatrix {
                           0.999178, 0.039788, 0.007817, 0.000000,
                          -0.039438, 0.998389,-0.040785, 0.000000,
                          -0.009427, 0.040443, 0.999137, 0.000000,
                          -0.000003,13.655789,-0.000001, 1.000000;;
                        }
                        Frame Character1_Reference_J_L_HairTail_03 {
                          FrameTransformMatrix {
                             0.998774, 0.048556,-0.009636, 0.000000,
                            -0.047794, 0.996552, 0.067822, 0.000000,
                             0.012896,-0.067278, 0.997651, 0.000000,
                             0.000005,13.229279, 0.000001, 1.000000;;
                          }
                          Frame Character1_Reference_J_L_HairTail_04 {
                            FrameTransformMatrix {
                               0.992996, 0.118062,-0.004417, 0.000000,
                              -0.114959, 0.974172, 0.194355, 0.000000,
                               0.027249,-0.192486, 0.980921, 0.000000,
                              -0.000002,13.752589,-0.000002, 1.000000;;
                            }
                            Frame Character1_Reference_J_L_HairTail_05 {
                              FrameTransformMatrix {
                                 0.997846, 0.065590, 0.001043, 0.000000,
                                -0.065594, 0.997472, 0.027322, 0.000000,
                                 0.000752,-0.027332, 0.999626, 0.000000,
                                -0.000001,14.597832, 0.000000, 1.000000;;
                              }
                              Frame Character1_Reference_J_L_HairTail_06 {
                                FrameTransformMatrix {
                                   1.000000, 0.000000,-0.000000, 0.000000,
                                  -0.000000, 1.000000,-0.000000, 0.000000,
                                   0.000000, 0.000000, 1.000000, 0.000000,
                                   0.000000,15.477875,-0.000000, 1.000000;;
                                }
                              } // End of Character1_Reference_J_L_HairTail_06
                            } // End of Character1_Reference_J_L_HairTail_05
                          } // End of Character1_Reference_J_L_HairTail_04
                        } // End of Character1_Reference_J_L_HairTail_03
                      } // End of Character1_Reference_J_L_HairTail_02
                    } // End of Character1_Reference_J_L_HairTail_01
                  } // End of Character1_Reference_J_L_HairTail_00
                  Frame Character1_Reference_J_L_HeadRibbon_00 {
                    FrameTransformMatrix {
                       0.810834, 0.503599,-0.298222, 0.000000,
                      -0.584647, 0.720551,-0.372819, 0.000000,
                       0.027133, 0.476649, 0.878675, 0.000000,
                       8.956380,17.970766,-4.141203, 1.000000;;
                    }
                    Frame Character1_Reference_J_L_HeadRibbon_01 {
                      FrameTransformMatrix {
                         0.353232,-0.293817,-0.888200, 0.000000,
                        -0.629007, 0.628191,-0.457958, 0.000000,
                         0.692515, 0.720450, 0.037084, 0.000000,
                         0.000006, 8.505347,-0.000003, 1.000000;;
                      }
                      Frame Character1_Reference_J_L_HeadRibbon_02 {
                        FrameTransformMatrix {
                          -0.475339,-0.259286, 0.840728, 0.000000,
                          -0.273472, 0.951795, 0.138921, 0.000000,
                          -0.836221,-0.163881,-0.523333, 0.000000,
                           0.000004,14.172976,-0.000004, 1.000000;;
                        }
                      } // End of Character1_Reference_J_L_HeadRibbon_02
                    } // End of Character1_Reference_J_L_HeadRibbon_01
                  } // End of Character1_Reference_J_L_HeadRibbon_00
                  Frame Character1_Reference_J_R_HairFront_00 {
                    FrameTransformMatrix {
                       0.922752, 0.244273, 0.298091, 0.000000,
                       0.200582,-0.964858, 0.169752, 0.000000,
                       0.329080,-0.096848,-0.939322, 0.000000,
                      10.995257,11.864679, 0.727658, 1.000000;;
                    }
                    Frame Character1_Reference_J_R_HairFront_01 {
                      FrameTransformMatrix {
                         0.994576, 0.018302, 0.102392, 0.000000,
                        -0.020636, 0.999550, 0.021781, 0.000000,
                        -0.101947,-0.023776, 0.994506, 0.000000,
                        -0.004750, 6.283840, 0.148962, 1.000000;;
                      }
                    } // End of Character1_Reference_J_R_HairFront_01
                  } // End of Character1_Reference_J_R_HairFront_00
                  Frame Character1_Reference_J_R_HairSide_00 {
                    FrameTransformMatrix {
                       0.945426,-0.308849, 0.103839, 0.000000,
                      -0.325812,-0.892101, 0.313054, 0.000000,
                      -0.004052,-0.329801,-0.944042, 0.000000,
                       7.704447, 9.799044, 8.779543, 1.000000;;
                    }
                    Frame Character1_Reference_J_R_HairSide_01 {
                      FrameTransformMatrix {
                         0.999773,-0.013259, 0.016692, 0.000000,
                         0.011635, 0.995514, 0.093892, 0.000000,
                        -0.017862,-0.093676, 0.995442, 0.000000,
                        -0.000001, 7.190767,-0.000005, 1.000000;;
                      }
                      Frame Character1_Reference_J_R_HairSide_02 {
                        FrameTransformMatrix {
                           0.170525, 0.959073, 0.226054, 0.000000,
                          -0.039572,-0.222564, 0.974115, 0.000000,
                           0.984559,-0.175056,-0.000000, 0.000000,
                          -0.000001, 7.073524, 0.000001, 1.000000;;
                        }
                      } // End of Character1_Reference_J_R_HairSide_02
                    } // End of Character1_Reference_J_R_HairSide_01
                  } // End of Character1_Reference_J_R_HairSide_00
                  Frame Character1_Reference_J_R_HairTail_00 {
                    FrameTransformMatrix {
                      -0.929576, 0.357650,-0.089293, 0.000000,
                      -0.367525,-0.917919, 0.149499, 0.000000,
                      -0.028496, 0.171789, 0.984721, 0.000000,
                      -7.271499, 3.349166, 5.859687, 1.000000;;
                    }
                    Frame Character1_Reference_J_R_HairTail_01 {
                      FrameTransformMatrix {
                         0.999985, 0.005489,-0.000243, 0.000000,
                        -0.005489, 0.999984, 0.001036, 0.000000,
                         0.000248,-0.001035, 0.999999, 0.000000,
                         0.000001,11.597514,-0.000000, 1.000000;;
                      }
                      Frame Character1_Reference_J_R_HairTail_02 {
                        FrameTransformMatrix {
                           0.999178, 0.039778,-0.007820, 0.000000,
                          -0.039427, 0.998389, 0.040792, 0.000000,
                           0.009430,-0.040450, 0.999137, 0.000000,
                           0.000002,13.656155,-0.000001, 1.000000;;
                        }
                        Frame Character1_Reference_J_R_HairTail_03 {
                          FrameTransformMatrix {
                             0.998774, 0.048558, 0.009636, 0.000000,
                            -0.047796, 0.996552,-0.067818, 0.000000,
                            -0.012896, 0.067274, 0.997651, 0.000000,
                            -0.000005,13.228876, 0.000001, 1.000000;;
                          }
                          Frame Character1_Reference_J_R_HairTail_04 {
                            FrameTransformMatrix {
                               0.992997, 0.118060, 0.004410, 0.000000,
                              -0.114959, 0.974170,-0.194365, 0.000000,
                              -0.027243, 0.192497, 0.980919, 0.000000,
                               0.000002,13.752595,-0.000001, 1.000000;;
                            }
                            Frame Character1_Reference_J_R_HairTail_05 {
                              FrameTransformMatrix {
                                 0.997846, 0.065590,-0.001009, 0.000000,
                                -0.065593, 0.997472,-0.027321, 0.000000,
                                -0.000785, 0.027328, 0.999626, 0.000000,
                                 0.000002,14.597899, 0.000002, 1.000000;;
                              }
                              Frame Character1_Reference_J_R_HairTail_06 {
                                FrameTransformMatrix {
                                   1.000000, 0.000000,-0.000023, 0.000000,
                                  -0.000000, 1.000000, 0.000000, 0.000000,
                                   0.000023,-0.000000, 1.000000, 0.000000,
                                  -0.000001,15.477830,-0.000001, 1.000000;;
                                }
                              } // End of Character1_Reference_J_R_HairTail_06
                            } // End of Character1_Reference_J_R_HairTail_05
                          } // End of Character1_Reference_J_R_HairTail_04
                        } // End of Character1_Reference_J_R_HairTail_03
                      } // End of Character1_Reference_J_R_HairTail_02
                    } // End of Character1_Reference_J_R_HairTail_01
                  } // End of Character1_Reference_J_R_HairTail_00
                  Frame Character1_Reference_J_R_HeadRibbon_00 {
                    FrameTransformMatrix {
                       0.783917, 0.513754, 0.348614, 0.000000,
                      -0.612645, 0.731155, 0.300130, 0.000000,
                      -0.100698,-0.448853, 0.887913, 0.000000,
                       8.604572,18.103235, 4.305516, 1.000000;;
                    }
                    Frame Character1_Reference_J_R_HeadRibbon_01 {
                      FrameTransformMatrix {
                         0.353242,-0.293792, 0.888204, 0.000000,
                        -0.629028, 0.628177, 0.457949, 0.000000,
                        -0.692491,-0.720472, 0.037095, 0.000000,
                         0.000013, 8.505599,-0.000001, 1.000000;;
                      }
                      Frame Character1_Reference_J_R_HeadRibbon_02 {
                        FrameTransformMatrix {
                           0.385777, 0.198903, 0.900896, 0.000000,
                          -0.800731,-0.412848, 0.434035, 0.000000,
                           0.458264,-0.888816, 0.000001, 0.000000,
                          -0.000004,14.172894, 0.000012, 1.000000;;
                        }
                      } // End of Character1_Reference_J_R_HeadRibbon_02
                    } // End of Character1_Reference_J_R_HeadRibbon_01
                  } // End of Character1_Reference_J_R_HeadRibbon_00
                } // End of Character1_Reference_Character1_Head
              } // End of Character1_Reference_Character1_Neck
              Frame Character1_Reference_Character1_RightShoulder {
                FrameTransformMatrix {
                   0.950482,-0.310475,-0.013730, 0.000000,
                   0.014792, 0.001067, 0.999890, 0.000000,
                  -0.310427,-0.950581, 0.005606, 0.000000,
                  -0.014973,12.245500, 4.199368, 1.000000;;
                }
                Frame Character1_Reference_Character1_RightArm {
                  FrameTransformMatrix {
                     0.991670, 0.084167, 0.097497, 0.000000,
                    -0.117693, 0.899665, 0.420419, 0.000000,
                    -0.052329,-0.428391, 0.902077, 0.000000,
                    -0.000005, 5.543743, 0.000103, 1.000000;;
                  }
                  Frame Character1_Reference_Character1_RightForeArm {
                    FrameTransformMatrix {
                       0.985552,-0.105133,-0.132798, 0.000000,
                       0.104950, 0.994442,-0.008396, 0.000000,
                       0.132942,-0.005662, 0.991108, 0.000000,
                       0.000866,23.377934, 0.000734, 1.000000;;
                    }
                    Frame Character1_Reference_Character1_RightHand {
                      FrameTransformMatrix {
                         0.992718, 0.025005, 0.117837, 0.000000,
                        -0.043142, 0.987131, 0.153986, 0.000000,
                        -0.112470,-0.157949, 0.981021, 0.000000,
                        -0.000034,16.248043,-0.000173, 1.000000;;
                      }
                      Frame Character1_Reference_Character1_RightHandIndex1 {
                        FrameTransformMatrix {
                          -0.986751,-0.031060, 0.159243, 0.000000,
                          -0.033606, 0.999346,-0.013321, 0.000000,
                          -0.158725,-0.018496,-0.987150, 0.000000,
                           2.477358, 7.745888,-2.387733, 1.000000;;
                        }
                        Frame Character1_Reference_Character1_RightHandIndex2 {
                          FrameTransformMatrix {
                             0.998450,-0.019260, 0.052210, 0.000000,
                             0.031487, 0.969097,-0.244662, 0.000000,
                            -0.045885, 0.245927, 0.968202, 0.000000,
                            -0.223002, 2.423308, 0.200863, 1.000000;;
                          }
                          Frame Character1_Reference_Character1_RightHandIndex3 {
                            FrameTransformMatrix {
                               0.996982,-0.015769, 0.076007, 0.000000,
                               0.016170, 0.999858,-0.004672, 0.000000,
                              -0.075923, 0.005887, 0.997096, 0.000000,
                               0.000117, 1.588621, 0.264185, 1.000000;;
                            }
                            Frame Character1_Reference_Character1_RightHandIndex4 {
                              FrameTransformMatrix {
                                 0.992358, 0.012465,-0.122759, 0.000000,
                                 0.015690, 0.974062, 0.225739, 0.000000,
