xof 0303txt 0032

template XSkinMeshHeader {
  <3cf169ce-ff7c-44ab-93c0-f78f62d172e2>
  WORD nMaxSkinWeightsPerVertex;
  WORD nMaxSkinWeightsPerFace;
  WORD nBones;
}

template SkinWeights {
  <6f0d123b-bad2-4167-a0d0-80224f25fabb>
  STRING transformNodeName;
  DWORD nWeights;
  array DWORD vertexIndices[nWeights];
  array float weights[nWeights];
  Matrix4x4 matrixOffset;
}

Frame Root {
  FrameTransformMatrix {
     1.000000, 0.000000, 0.000000, 0.000000,
     0.000000,-0.000000,-1.000000, 0.000000,
     0.000000, 1.000000,-0.000000, 0.000000,
     0.000000, 0.000000, 0.000000, 1.000000;;
  }
  Frame group1 {
    FrameTransformMatrix {
       1.000000, 0.000000, 0.000000, 0.000000,
       0.000000, 1.000000, 0.000000, 0.000000,
       0.000000, 0.000000, 1.000000, 0.000000,
       0.000000, 0.000000, 0.000000, 1.000000;;
    }
    Frame Character1_Reference {
      FrameTransformMatrix {
         1.000000, 0.000000, 0.000000, 0.000000,
         0.000000, 1.000000, 0.000000, 0.000000,
         0.000000, 0.000000, 1.000000, 0.000000,
         0.000000, 0.000000, 0.000000, 1.000000;;
      }
      Frame Character1_Reference_Character1_Hips {
        FrameTransformMatrix {
          -0.003379, 0.023843, 0.999710, 0.000000,
           0.133702,-0.990729, 0.024081, 0.000000,
           0.991016, 0.133745, 0.000160, 0.000000,
           4.303312,-5.770303,86.362732, 1.000000;;
        }
        Frame Character1_Reference_Character1_LeftUpLeg {
          FrameTransformMatrix {
            -0.125758, 0.968111,-0.216668, 0.000000,
            -0.991949,-0.119426, 0.042130, 0.000000,
             0.014911, 0.220221, 0.975336, 0.000000,
            -6.031904, 0.207880, 7.298306, 1.000000;;
          }
          Frame Character1_Reference_Character1_LeftLeg {
            FrameTransformMatrix {
               0.950026, 0.102784, 0.294764, 0.000000,
              -0.103475, 0.994543,-0.013295, 0.000000,
              -0.294522,-0.017870, 0.955477, 0.000000,
              -0.800529,35.179890,-0.514496, 1.000000;;
            }
            Frame Character1_Reference_Character1_LeftFoot {
              FrameTransformMatrix {
                 0.781177,-0.621646, 0.057611, 0.000000,
                 0.624232, 0.776290,-0.087798, 0.000000,
                 0.009857, 0.104548, 0.994471, 0.000000,
                 0.383047,37.866688, 0.377766, 1.000000;;
              }
              Frame Character1_Reference_Character1_LeftToeBase {
                FrameTransformMatrix {
                   0.460733,-0.885794, 0.055619, 0.000000,
                   0.887165, 0.461453, 0.000111, 0.000000,
                  -0.025764, 0.049292, 0.998452, 0.000000,
                   4.771107, 8.429446, 0.392165, 1.000000;;
                }
              } // End of Character1_Reference_Character1_LeftToeBase
            } // End of Character1_Reference_Character1_LeftFoot
          } // End of Character1_Reference_Character1_LeftLeg
        } // End of Character1_Reference_Character1_LeftUpLeg
        Frame Character1_Reference_Character1_RightUpLeg {
          FrameTransformMatrix {
            -0.043106, 0.999071, 0.000113, 0.000000,
            -0.984115,-0.042441,-0.172383, 0.000000,
            -0.172218,-0.007542, 0.985030, 0.000000,
            -6.083578, 0.207877,-7.255266, 1.000000;;
          }
          Frame Character1_Reference_Character1_RightLeg {
            FrameTransformMatrix {
               0.995764, 0.091492,-0.009114, 0.000000,
              -0.091396, 0.995759, 0.010487, 0.000000,
               0.010035,-0.009609, 0.999904, 0.000000,
              -0.800435,35.136372, 1.823285, 1.000000;;
            }
            Frame Character1_Reference_Character1_RightFoot {
              FrameTransformMatrix {
                 0.832410,-0.547324,-0.086781, 0.000000,
                 0.554142, 0.820823, 0.138480, 0.000000,
                -0.004562,-0.163361, 0.986556, 0.000000,
                 0.382682,37.854538, 1.031355, 1.000000;;
              }
              Frame Character1_Reference_Character1_RightToeBase {
                FrameTransformMatrix {
                   0.461451,-0.887165, 0.000009, 0.000000,
                   0.887165, 0.461451, 0.000114, 0.000000,
                  -0.000105,-0.000045, 1.000000, 0.000000,
                   4.765777, 8.439144,-0.202450, 1.000000;;
                }
              } // End of Character1_Reference_Character1_RightToeBase
            } // End of Character1_Reference_Character1_RightFoot
          } // End of Character1_Reference_Character1_RightLeg
        } // End of Character1_Reference_Character1_RightUpLeg
        Frame Character1_Reference_Character1_Spine {
          FrameTransformMatrix {
            -0.085454, 0.996342, 0.000302, 0.000000,
             0.996336, 0.085455,-0.003544, 0.000000,
            -0.003557,-0.000002,-0.999994, 0.000000,
             2.271330, 0.818148,-0.008071, 1.000000;;
          }
          Frame Character1_Reference_Character1_Spine1 {
            FrameTransformMatrix {
               0.986458, 0.162096, 0.025008, 0.000000,
              -0.162160, 0.986764, 0.000526, 0.000000,
              -0.024591,-0.004574, 0.999687, 0.000000,
               0.175515, 9.134356, 0.000001, 1.000000;;
            }
            Frame Character1_Reference_Character1_Spine2 {
              FrameTransformMatrix {
                 0.970279, 0.241146, 0.020194, 0.000000,
                -0.241563, 0.970143, 0.021649, 0.000000,
                -0.014370,-0.025884, 0.999562, 0.000000,
                -0.030447, 8.766673, 0.000002, 1.000000;;
              }
              Frame Character1_Reference_Character1_LeftShoulder {
                FrameTransformMatrix {
                   0.950482,-0.310476,-0.013723, 0.000000,
                  -0.028069,-0.041787,-0.998732, 0.000000,
                   0.309509, 0.949662,-0.048432, 0.000000,
                  -0.139501,12.236696,-4.222682, 1.000000;;
                }
                Frame Character1_Reference_Character1_LeftArm {
                  FrameTransformMatrix {
                     0.921100,-0.081292,-0.380743, 0.000000,
                    -0.333525, 0.339723,-0.879403, 0.000000,
                     0.200836, 0.937006, 0.285806, 0.000000,
                    -0.000004, 5.543701,-0.000093, 1.000000;;
                  }
                  Frame Character1_Reference_Character1_LeftForeArm {
                    FrameTransformMatrix {
                       0.911553,-0.347003, 0.220587, 0.000000,
                       0.345585, 0.937246, 0.046278, 0.000000,
                      -0.222803, 0.034046, 0.974269, 0.000000,
                       0.000851,23.377769,-0.000639, 1.000000;;
                    }
                    Frame Character1_Reference_Character1_LeftHand {
                      FrameTransformMatrix {
                         0.977507,-0.155187, 0.142817, 0.000000,
                         0.108075, 0.950087, 0.292668, 0.000000,
                        -0.181107,-0.270651, 0.945489, 0.000000,
                        -0.000030,16.248190,-0.000029, 1.000000;;
                      }
                      Frame Character1_Reference_Character1_LeftHandIndex1 {
                        FrameTransformMatrix {
                           0.938071, 0.228070,-0.260780, 0.000000,
                          -0.233754, 0.972250, 0.009445, 0.000000,
                           0.255698, 0.052098, 0.965352, 0.000000,
                           2.571345, 8.074953, 0.142826, 1.000000;;
                        }
                        Frame Character1_Reference_Character1_LeftHandIndex2 {
                          FrameTransformMatrix {
                             0.999951,-0.006756,-0.007186, 0.000000,
                             0.004329, 0.955252,-0.295763, 0.000000,
                             0.008862, 0.295718, 0.955234, 0.000000,
                             0.250708, 2.426038, 0.118654, 1.000000;;
                          }
                          Frame Character1_Reference_Character1_LeftHandIndex3 {
                            FrameTransformMatrix {
                               0.999548, 0.015130,-0.025979, 0.000000,
                              -0.022190, 0.954317,-0.297970, 0.000000,
                               0.020284, 0.298411, 0.954222, 0.000000,
                               0.011822, 1.609683, 0.045835, 1.000000;;
                            }
                            Frame Character1_Reference_Character1_LeftHandIndex4 {
                              FrameTransformMatrix {
                                -0.024657,-0.001086, 0.999695, 0.000000,
                                -0.067774, 0.997701,-0.000587, 0.000000,
                                -0.997396,-0.067767,-0.024674, 0.000000,
                                 0.100699, 2.124989,-0.163704, 1.000000;;
                              }
                            } // End of Character1_Reference_Character1_LeftHandIndex4
                          } // End of Character1_Reference_Character1_LeftHandIndex3
                        } // End of Character1_Reference_Character1_LeftHandIndex2
                      } // End of Character1_Reference_Character1_LeftHandIndex1
                      Frame Character1_Reference_Character1_LeftHandMiddle1 {
                        FrameTransformMatrix {
                           0.982174, 0.147491,-0.116534, 0.000000,
                          -0.153625, 0.987081,-0.045491, 0.000000,
                           0.108319, 0.062583, 0.992144, 0.000000,
                           0.582169, 8.069618, 0.602123, 1.000000;;
                        }
                        Frame Character1_Reference_Character1_LeftHandMiddle2 {
                          FrameTransformMatrix {
                             0.997999, 0.044587, 0.044826, 0.000000,
                            -0.015031, 0.855988,-0.516778, 0.000000,
                            -0.061412, 0.515070, 0.854945, 0.000000,
                             0.148199, 2.506308,-0.379362, 1.000000;;
                          }
                          Frame Character1_Reference_Character1_LeftHandMiddle3 {
                            FrameTransformMatrix {
                               0.987758, 0.155995, 0.000571, 0.000000,
                              -0.139368, 0.884106,-0.446019, 0.000000,
                              -0.070082, 0.440479, 0.895023, 0.000000,
                              -0.006785, 1.943121,-0.016176, 1.000000;;
                            }
                            Frame Character1_Reference_Character1_LeftHandMiddle4 {
                              FrameTransformMatrix {
                                 0.003131, 0.057160, 0.998360, 0.000000,
                                 0.038906, 0.997602,-0.057239, 0.000000,
                                -0.999238, 0.039021, 0.000900, 0.000000,
                                 0.091102, 2.201396,-0.011730, 1.000000;;
                              }
                            } // End of Character1_Reference_Character1_LeftHandMiddle4
                          } // End of Character1_Reference_Character1_LeftHandMiddle3
                        } // End of Character1_Reference_Character1_LeftHandMiddle2
                      } // End of Character1_Reference_Character1_LeftHandMiddle1
                      Frame Character1_Reference_Character1_LeftHandPinky1 {
                        FrameTransformMatrix {
                           0.948153, 0.098081, 0.302302, 0.000000,
                          -0.011778, 0.961379,-0.274976, 0.000000,
                          -0.317597, 0.257158, 0.912689, 0.000000,
                          -2.783564, 6.575302, 0.228358, 1.000000;;
                        }
                        Frame Character1_Reference_Character1_LeftHandPinky2 {
                          FrameTransformMatrix {
                             0.989248, 0.139443,-0.044087, 0.000000,
                            -0.144457, 0.978704,-0.145845, 0.000000,
                             0.022811, 0.150646, 0.988325, 0.000000,
                             0.013278, 1.809690, 0.001445, 1.000000;;
                          }
                          Frame Character1_Reference_Character1_LeftHandPinky3 {
                            FrameTransformMatrix {
                               0.952218, 0.300088,-0.056815, 0.000000,
                              -0.281204, 0.788831,-0.546508, 0.000000,
                              -0.119183, 0.536371, 0.835525, 0.000000,
                               0.000277, 1.391070,-0.024778, 1.000000;;
                            }
                            Frame Character1_Reference_Character1_LeftHandPinky4 {
                              FrameTransformMatrix {
                                 0.995404, 0.005732, 0.095591, 0.000000,
                                -0.006466, 0.999952, 0.007374, 0.000000,
                                -0.095545,-0.007958, 0.995393, 0.000000,
                                -0.029925, 1.920958, 0.002333, 1.000000;;
                              }
                            } // End of Character1_Reference_Character1_LeftHandPinky4
                          } // End of Character1_Reference_Character1_LeftHandPinky3
                        } // End of Character1_Reference_Character1_LeftHandPinky2
                      } // End of Character1_Reference_Character1_LeftHandPinky1
                      Frame Character1_Reference_Character1_LeftHandRing1 {
                        FrameTransformMatrix {
                           0.931721, 0.167652, 0.322164, 0.000000,
                          -0.093696, 0.968008,-0.232768, 0.000000,
                          -0.350881, 0.186689, 0.917621, 0.000000,
                          -1.262621, 7.679276, 0.624608, 1.000000;;
                        }
                        Frame Character1_Reference_Character1_LeftHandRing2 {
                          FrameTransformMatrix {
                             0.974371, 0.160665,-0.157438, 0.000000,
                            -0.220488, 0.820781,-0.526976, 0.000000,
                             0.044555, 0.548183, 0.835171, 0.000000,
                            -0.075405, 2.368266,-0.109833, 1.000000;;
                          }
                          Frame Character1_Reference_Character1_LeftHandRing3 {
                            FrameTransformMatrix {
                               0.975960, 0.197863, 0.091385, 0.000000,
                              -0.153708, 0.922135,-0.355022, 0.000000,
                              -0.154515, 0.332441, 0.930381, 0.000000,
                               0.016659, 1.590750, 0.086087, 1.000000;;
                            }
                            Frame Character1_Reference_Character1_LeftHandRing4 {
                              FrameTransformMatrix {
                                 0.999964,-0.005167,-0.006697, 0.000000,
                                 0.005391, 0.999412, 0.033875, 0.000000,
                                 0.006518,-0.033910, 0.999404, 0.000000,
                                -0.011565, 2.522675, 0.238418, 1.000000;;
                              }
                            } // End of Character1_Reference_Character1_LeftHandRing4
                          } // End of Character1_Reference_Character1_LeftHandRing3
                        } // End of Character1_Reference_Character1_LeftHandRing2
                      } // End of Character1_Reference_Character1_LeftHandRing1
                      Frame Character1_Reference_Character1_LeftHandThumb1 {
                        FrameTransformMatrix {
                          -0.504563,-0.019805,-0.863148, 0.000000,
                           0.524912, 0.786710,-0.324894, 0.000000,
                           0.685481,-0.617006,-0.386548, 0.000000,
                           1.826639, 2.476071,-1.423609, 1.000000;;
                        }
                        Frame Character1_Reference_Character1_LeftHandThumb2 {
                          FrameTransformMatrix {
                             0.983481,-0.178301, 0.031216, 0.000000,
                             0.178808, 0.930100,-0.320844, 0.000000,
                             0.028173, 0.321125, 0.946617, 0.000000,
                             0.198593, 3.214554,-0.152298, 1.000000;;
                          }
                          Frame Character1_Reference_Character1_LeftHandThumb3 {
                            FrameTransformMatrix {
                               0.999214,-0.017053, 0.035777, 0.000000,
                               0.030631, 0.905098,-0.424098, 0.000000,
                              -0.025150, 0.424861, 0.904909, 0.000000,
                              -0.100340, 1.756613,-0.008472, 1.000000;;
                            }
                            Frame Character1_Reference_Character1_LeftHandThumb4 {
                              FrameTransformMatrix {
                                 0.997325, 0.051631, 0.051734, 0.000000,
                                -0.052722, 0.998410, 0.019952, 0.000000,
                                -0.050621,-0.022626, 0.998462, 0.000000,
                                -0.114383, 2.630438, 0.057087, 1.000000;;
                              }
                            } // End of Character1_Reference_Character1_LeftHandThumb4
                          } // End of Character1_Reference_Character1_LeftHandThumb3
                        } // End of Character1_Reference_Character1_LeftHandThumb2
                      } // End of Character1_Reference_Character1_LeftHandThumb1
                    } // End of Character1_Reference_Character1_LeftHand
                    Frame Character1_Reference_J_L_Sode_A00 {
                      FrameTransformMatrix {
                         0.977923,-0.175625, 0.113238, 0.000000,
                         0.153061, 0.970933, 0.184015, 0.000000,
                        -0.142264,-0.162620, 0.976379, 0.000000,
                         3.601034, 4.704532,-0.102941, 1.000000;;
                      }
                      Frame Character1_Reference_J_L_Sode_A01 {
                        FrameTransformMatrix {
                          -0.066266,-0.000000,-0.997802, 0.000000,
                          -0.000000, 1.000000,-0.000000, 0.000000,
                           0.997802, 0.000000,-0.066266, 0.000000,
                          -1.089509,14.825154,-1.834219, 1.000000;;
                        }
                      } // End of Character1_Reference_J_L_Sode_A01
                    } // End of Character1_Reference_J_L_Sode_A00
                    Frame Character1_Reference_J_L_Sode_B00 {
                      FrameTransformMatrix {
                         0.000346,-0.101193, 0.994867, 0.000000,
                        -0.001060, 0.994866, 0.101193, 0.000000,
                        -0.999999,-0.001090, 0.000237, 0.000000,
                         0.025279, 4.425117, 3.773062, 1.000000;;
                      }
                      Frame Character1_Reference_J_L_Sode_B01 {
                        FrameTransformMatrix {
                           1.000000,-0.000001,-0.000000, 0.000000,
                           0.000001, 1.000000,-0.000000, 0.000000,
                           0.000000,-0.000000, 1.000000, 0.000000,
                           0.000001,15.087298,-0.000000, 1.000000;;
                        }
                      } // End of Character1_Reference_J_L_Sode_B01
                    } // End of Character1_Reference_J_L_Sode_B00
                    Frame Character1_Reference_J_L_Sode_C00 {
                      FrameTransformMatrix {
                        -0.963228,-0.268402, 0.012301, 0.000000,
                        -0.268683, 0.962238,-0.043661, 0.000000,
                        -0.000118,-0.045360,-0.998971, 0.000000,
                        -4.891026, 4.139010,-1.278888, 1.000000;;
                      }
                      Frame Character1_Reference_J_L_Sode_C01 {
                        FrameTransformMatrix {
                           1.000000, 0.000000,-0.000000, 0.000000,
                          -0.000000, 1.000000,-0.000000, 0.000000,
                           0.000000, 0.000000, 1.000000, 0.000000,
                          -0.000004,16.287880, 0.000004, 1.000000;;
                        }
                      } // End of Character1_Reference_J_L_Sode_C01
                    } // End of Character1_Reference_J_L_Sode_C00
                    Frame Character1_Reference_J_L_Sode_D00 {
                      FrameTransformMatrix {
                         0.243524,-0.157313,-0.957052, 0.000000,
                        -0.114323, 0.975224,-0.189389, 0.000000,
                         0.963133, 0.155534, 0.219506, 0.000000,
                         0.271871, 4.395504,-3.898808, 1.000000;;
                      }
                      Frame Character1_Reference_J_L_Sode_D01 {
                        FrameTransformMatrix {
                           1.000000,-0.000000, 0.000000, 0.000000,
                           0.000000, 1.000000,-0.000000, 0.000000,
                          -0.000000, 0.000000, 1.000000, 0.000000,
                          -0.081648,14.457139, 0.739907, 1.000000;;
                        }
                      } // End of Character1_Reference_J_L_Sode_D01
                    } // End of Character1_Reference_J_L_Sode_D00
                  } // End of Character1_Reference_Character1_LeftForeArm
                } // End of Character1_Reference_Character1_LeftArm
              } // End of Character1_Reference_Character1_LeftShoulder
              Frame Character1_Reference_Character1_Neck {
                FrameTransformMatrix {
                   0.918564,-0.392739, 0.044686, 0.000000,
                   0.394736, 0.917325,-0.051939, 0.000000,
                  -0.020593, 0.065348, 0.997650, 0.000000,
                   0.829845,15.685142,-0.028669, 1.000000;;
                }
                Frame Character1_Reference_Character1_Head {
                  FrameTransformMatrix {
                     0.990735, 0.135705, 0.005246, 0.000000,
                    -0.135384, 0.989964,-0.040523, 0.000000,
                    -0.010692, 0.039437, 0.999165, 0.000000,
                    -0.553453, 7.808325, 0.000001, 1.000000;;
                  }
                  Frame Character1_Reference_J_L_HairFront_00 {
                    FrameTransformMatrix {
                       0.992729, 0.089407,-0.080444, 0.000000,
                       0.094209,-0.993862, 0.057982, 0.000000,
                      -0.074781,-0.065142,-0.995066, 0.000000,
                      11.062724,11.835324, 0.064681, 1.000000;;
                    }
                    Frame Character1_Reference_J_L_HairFront_01 {
                      FrameTransformMatrix {
                         0.985627, 0.113559,-0.125075, 0.000000,
                        -0.139234, 0.965344,-0.220739, 0.000000,
                         0.095673, 0.234981, 0.967280, 0.000000,
                        -0.055594, 8.693563, 0.224342, 1.000000;;
                      }
                    } // End of Character1_Reference_J_L_HairFront_01
                  } // End of Character1_Reference_J_L_HairFront_00
                  Frame Character1_Reference_J_L_HairSide_00 {
                    FrameTransformMatrix {
                       0.950380,-0.310720,-0.015153, 0.000000,
                      -0.299829,-0.901905,-0.310917, 0.000000,
                       0.082941, 0.300033,-0.950316, 0.000000,
                       8.420381, 9.528863,-8.411828, 1.000000;;
                    }
                    Frame Character1_Reference_J_L_HairSide_01 {
                      FrameTransformMatrix {
                         0.999773,-0.013255,-0.016696, 0.000000,
                         0.011631, 0.995514,-0.093894, 0.000000,
                         0.017866, 0.093679, 0.995442, 0.000000,
                         0.000000, 7.190718, 0.000001, 1.000000;;
                      }
                      Frame Character1_Reference_J_L_HairSide_02 {
                        FrameTransformMatrix {
                           0.421820,-0.163832, 0.891755, 0.000000,
                           0.311797, 0.949765, 0.027002, 0.000000,
                          -0.851381, 0.266657, 0.451712, 0.000000,
                           0.000000, 7.073252, 0.000001, 1.000000;;
                        }
                      } // End of Character1_Reference_J_L_HairSide_02
                    } // End of Character1_Reference_J_L_HairSide_01
                  } // End of Character1_Reference_J_L_HairSide_00
                  Frame Character1_Reference_J_L_HairTail_00 {
                    FrameTransformMatrix {
                      -0.933315, 0.359058, 0.000446, 0.000000,
                      -0.343837,-0.893392,-0.289183, 0.000000,
                      -0.103435,-0.270052, 0.957274, 0.000000,
                      -6.754833, 3.154410,-6.546031, 1.000000;;
                    }
                    Frame Character1_Reference_J_L_HairTail_01 {
                      FrameTransformMatrix {
                         0.999985, 0.005479, 0.000246, 0.000000,
                        -0.005479, 0.999984,-0.001051, 0.000000,
                        -0.000251, 0.001050, 0.999999, 0.000000,
                         0.000002,11.597685, 0.000003, 1.000000;;
                      }
                      Frame Character1_Reference_J_L_HairTail_02 {
                        FrameTransformMatrix {
                           0.999178, 0.039788, 0.007817, 0.000000,
                          -0.039438, 0.998389,-0.040785, 0.000000,
                          -0.009427, 0.040443, 0.999137, 0.000000,
                          -0.000002,13.655790, 0.000000, 1.000000;;
                        }
                        Frame Character1_Reference_J_L_HairTail_03 {
                          FrameTransformMatrix {
                             0.998774, 0.048556,-0.009636, 0.000000,
                            -0.047794, 0.996552, 0.067822, 0.000000,
                             0.012896,-0.067278, 0.997651, 0.000000,
                            -0.000006,13.229283, 0.000001, 1.000000;;
                          }
                          Frame Character1_Reference_J_L_HairTail_04 {
                            FrameTransformMatrix {
                               0.992996, 0.118062,-0.004417, 0.000000,
                              -0.114959, 0.974172, 0.194355, 0.000000,
                               0.027249,-0.192486, 0.980921, 0.000000,
                              -0.000001,13.752593,-0.000005, 1.000000;;
                            }
                            Frame Character1_Reference_J_L_HairTail_05 {
                              FrameTransformMatrix {
                                 0.997846, 0.065590, 0.001043, 0.000000,
                                -0.065594, 0.997472, 0.027322, 0.000000,
                                 0.000752,-0.027332, 0.999626, 0.000000,
                                -0.000001,14.597846, 0.000003, 1.000000;;
                              }
                              Frame Character1_Reference_J_L_HairTail_06 {
                                FrameTransformMatrix {
                                   1.000000, 0.000000,-0.000000, 0.000000,
                                  -0.000000, 1.000000,-0.000000, 0.000000,
                                   0.000000, 0.000000, 1.000000, 0.000000,
                                  -0.000001,15.477877,-0.000000, 1.000000;;
                                }
                              } // End of Character1_Reference_J_L_HairTail_06
                            } // End of Character1_Reference_J_L_HairTail_05
                          } // End of Character1_Reference_J_L_HairTail_04
                        } // End of Character1_Reference_J_L_HairTail_03
                      } // End of Character1_Reference_J_L_HairTail_02
                    } // End of Character1_Reference_J_L_HairTail_01
                  } // End of Character1_Reference_J_L_HairTail_00
                  Frame Character1_Reference_J_L_HeadRibbon_00 {
                    FrameTransformMatrix {
                       0.810834, 0.503599,-0.298222, 0.000000,
                      -0.584647, 0.720551,-0.372819, 0.000000,
                       0.027133, 0.476649, 0.878675, 0.000000,
                       8.956381,17.970760,-4.141205, 1.000000;;
                    }
                    Frame Character1_Reference_J_L_HeadRibbon_01 {
                      FrameTransformMatrix {
                         0.353232,-0.293817,-0.888200, 0.000000,
                        -0.629008, 0.628191,-0.457958, 0.000000,
                         0.692515, 0.720450, 0.037084, 0.000000,
                         0.000004, 8.505336,-0.000007, 1.000000;;
                      }
                      Frame Character1_Reference_J_L_HeadRibbon_02 {
                        FrameTransformMatrix {
                          -0.475339,-0.259286, 0.840728, 0.000000,
                          -0.273472, 0.951795, 0.138921, 0.000000,
                          -0.836221,-0.163882,-0.523333, 0.000000,
                          -0.000002,14.172972, 0.000033, 1.000000;;
                        }
                      } // End of Character1_Reference_J_L_HeadRibbon_02
                    } // End of Character1_Reference_J_L_HeadRibbon_01
                  } // End of Character1_Reference_J_L_HeadRibbon_00
                  Frame Character1_Reference_J_R_HairFront_00 {
                    FrameTransformMatrix {
                       0.922752, 0.244273, 0.298091, 0.000000,
                       0.200582,-0.964858, 0.169752, 0.000000,
                       0.329080,-0.096848,-0.939322, 0.000000,
                      10.995259,11.864674, 0.727656, 1.000000;;
                    }
                    Frame Character1_Reference_J_R_HairFront_01 {
                      FrameTransformMatrix {
                         0.994576, 0.018302, 0.102392, 0.000000,
                        -0.020636, 0.999550, 0.021781, 0.000000,
                        -0.101947,-0.023776, 0.994506, 0.000000,
                        -0.004744, 6.283819, 0.148960, 1.000000;;
                      }
                    } // End of Character1_Reference_J_R_HairFront_01
                  } // End of Character1_Reference_J_R_HairFront_00
                  Frame Character1_Reference_J_R_HairSide_00 {
                    FrameTransformMatrix {
                       0.945426,-0.308849, 0.103839, 0.000000,
                      -0.325812,-0.892101, 0.313054, 0.000000,
                      -0.004052,-0.329801,-0.944042, 0.000000,
                       7.704448, 9.799042, 8.779543, 1.000000;;
                    }
                    Frame Character1_Reference_J_R_HairSide_01 {
                      FrameTransformMatrix {
                         0.999773,-0.013259, 0.016692, 0.000000,
                         0.011635, 0.995514, 0.093892, 0.000000,
                        -0.017862,-0.093676, 0.995442, 0.000000,
                        -0.000004, 7.190765,-0.000002, 1.000000;;
                      }
                      Frame Character1_Reference_J_R_HairSide_02 {
                        FrameTransformMatrix {
                           0.170525, 0.959073, 0.226054, 0.000000,
                          -0.039572,-0.222564, 0.974115, 0.000000,
                           0.984559,-0.175056,-0.000000, 0.000000,
                          -0.000001, 7.073497, 0.000003, 1.000000;;
                        }
                      } // End of Character1_Reference_J_R_HairSide_02
                    } // End of Character1_Reference_J_R_HairSide_01
                  } // End of Character1_Reference_J_R_HairSide_00
                  Frame Character1_Reference_J_R_HairTail_00 {
                    FrameTransformMatrix {
                      -0.929576, 0.357650,-0.089293, 0.000000,
                      -0.364878,-0.927180, 0.084853, 0.000000,
                      -0.052444, 0.111459, 0.992384, 0.000000,
                      -7.271499, 3.349177, 5.859686, 1.000000;;
                    }
                    Frame Character1_Reference_J_R_HairTail_01 {
                      FrameTransformMatrix {
                         0.999985, 0.005489,-0.000243, 0.000000,
                        -0.005489, 0.999984, 0.001036, 0.000000,
                         0.000248,-0.001035, 0.999999, 0.000000,
                        -0.000004,11.597528,-0.000001, 1.000000;;
                      }
                      Frame Character1_Reference_J_R_HairTail_02 {
                        FrameTransformMatrix {
                           0.999178, 0.039778,-0.007820, 0.000000,
                          -0.039427, 0.998390, 0.040792, 0.000000,
                           0.009430,-0.040450, 0.999137, 0.000000,
                           0.000001,13.656159, 0.000002, 1.000000;;
                        }
                        Frame Character1_Reference_J_R_HairTail_03 {
                          FrameTransformMatrix {
                             0.998774, 0.048558, 0.009636, 0.000000,
                            -0.047796, 0.996552,-0.067818, 0.000000,
                            -0.012896, 0.067274, 0.997651, 0.000000,
                            -0.000001,13.228857,-0.000002, 1.000000;;
                          }
                          Frame Character1_Reference_J_R_HairTail_04 {
                            FrameTransformMatrix {
                               0.992997, 0.118060, 0.004410, 0.000000,
                              -0.114959, 0.974169,-0.194365, 0.000000,
                              -0.027243, 0.192497, 0.980919, 0.000000,
                               0.000002,13.752589,-0.000003, 1.000000;;
                            }
                            Frame Character1_Reference_J_R_HairTail_05 {
                              FrameTransformMatrix {
                                 0.997846, 0.065590,-0.001009, 0.000000,
                                -0.065593, 0.997472,-0.027321, 0.000000,
                                -0.000785, 0.027328, 0.999626, 0.000000,
                                 0.000003,14.597898, 0.000000, 1.000000;;
                              }
                              Frame Character1_Reference_J_R_HairTail_06 {
                                FrameTransformMatrix {
                                   1.000000, 0.000000,-0.000023, 0.000000,
                                  -0.000000, 1.000000,-0.000000, 0.000000,
                                   0.000023,-0.000000, 1.000000, 0.000000,
                                  -0.000001,15.477821,-0.000001, 1.000000;;
                                }
                              } // End of Character1_Reference_J_R_HairTail_06
                            } // End of Character1_Reference_J_R_HairTail_05
                          } // End of Character1_Reference_J_R_HairTail_04
                        } // End of Character1_Reference_J_R_HairTail_03
                      } // End of Character1_Reference_J_R_HairTail_02
                    } // End of Character1_Reference_J_R_HairTail_01
                  } // End of Character1_Reference_J_R_HairTail_00
                  Frame Character1_Reference_J_R_HeadRibbon_00 {
                    FrameTransformMatrix {
                       0.783917, 0.513754, 0.348614, 0.000000,
                      -0.612645, 0.731155, 0.300130, 0.000000,
                      -0.100698,-0.448853, 0.887914, 0.000000,
                       8.604572,18.103233, 4.305515, 1.000000;;
                    }
                    Frame Character1_Reference_J_R_HeadRibbon_01 {
                      FrameTransformMatrix {
                         0.353242,-0.293792, 0.888204, 0.000000,
                        -0.629028, 0.628177, 0.457949, 0.000000,
                        -0.692491,-0.720472, 0.037095, 0.000000,
                         0.000003, 8.505610,-0.000005, 1.000000;;
                      }
                      Frame Character1_Reference_J_R_HeadRibbon_02 {
                        FrameTransformMatrix {
                           0.385777, 0.198903, 0.900896, 0.000000,
                          -0.800731,-0.412848, 0.434035, 0.000000,
                           0.458264,-0.888816, 0.000001, 0.000000,
                           0.000001,14.172891, 0.000004, 1.000000;;
                        }
                      } // End of Character1_Reference_J_R_HeadRibbon_02
                    } // End of Character1_Reference_J_R_HeadRibbon_01
                  } // End of Character1_Reference_J_R_HeadRibbon_00
                } // End of Character1_Reference_Character1_Head
              } // End of Character1_Reference_Character1_Neck
              Frame Character1_Reference_Character1_RightShoulder {
                FrameTransformMatrix {
                   0.950482,-0.310477,-0.013732, 0.000000,
                   0.014795, 0.001067, 0.999890, 0.000000,
                  -0.310429,-0.950580, 0.005608, 0.000000,
                  -0.014978,12.245504, 4.199367, 1.000000;;
                }
                Frame Character1_Reference_Character1_RightArm {
                  FrameTransformMatrix {
                     0.943798, 0.108497, 0.312210, 0.000000,
                    -0.330353, 0.340117, 0.880447, 0.000000,
                    -0.010662,-0.934103, 0.356844, 0.000000,
                    -0.000005, 5.543743, 0.000104, 1.000000;;
                  }
                  Frame Character1_Reference_Character1_RightForeArm {
                    FrameTransformMatrix {
                       0.896305,-0.275635,-0.347366, 0.000000,
                       0.273056, 0.960283,-0.057421, 0.000000,
                       0.349397,-0.043383, 0.935970, 0.000000,
                       0.000866,23.377930, 0.000722, 1.000000;;
                    }
                    Frame Character1_Reference_Character1_RightHand {
                      FrameTransformMatrix {
                         0.945537, 0.068069, 0.318319, 0.000000,
                        -0.110071, 0.987147, 0.115864, 0.000000,
                        -0.306341,-0.144591, 0.940877, 0.000000,
                        -0.000034,16.248053,-0.000166, 1.000000;;
                      }
                      Frame Character1_Reference_Character1_RightHandIndex1 {
                        FrameTransformMatrix {
                          -0.974628,-0.160337, 0.156181, 0.000000,
                          -0.144061, 0.983375, 0.110545, 0.000000,
                          -0.171309, 0.085241,-0.981523, 0.000000,
                           2.477358, 7.745893,-2.387735, 1.000000;;
                        }
                        Frame Character1_Reference_Character1_RightHandIndex2 {
                          FrameTransformMatrix {
                             0.997141,-0.053159, 0.053695, 0.000000,
                             0.073489, 0.847505,-0.525676, 0.000000,
                            -0.017562, 0.528119, 0.848989, 0.000000,
                            -0.223004, 2.423308, 0.200851, 1.000000;;
                          }
                          Frame Character1_Reference_Character1_RightHandIndex3 {
                            FrameTransformMatrix {
                               0.997062,-0.017332, 0.074615, 0.000000,
                               0.022027, 0.997798,-0.062569, 0.000000,
                              -0.073366, 0.064028, 0.995248, 0.000000,
                               0.000120, 1.588632, 0.264201, 1.000000;;
                            }
                            Frame Character1_Reference_Character1_RightHandIndex4 {
                              FrameTransformMatrix {
                                 0.992356, 0.012364,-0.122784, 0.000000,
                                 0.015789, 0.974071, 0.225690, 0.000000,
