xof 0303txt 0032

Frame Root {
  FrameTransformMatrix {
     1.000000, 0.000000, 0.000000, 0.000000,
     0.000000,-0.000000,-1.000000, 0.000000,
     0.000000, 1.000000,-0.000000, 0.000000,
     0.000000, 0.000000, 0.000000, 1.000000;;
  }
  Frame group1 {
    FrameTransformMatrix {
       0.010000, 0.000000, 0.000000, 0.000000,
       0.000000,-0.000000, 0.010000, 0.000000,
       0.000000,-0.010000,-0.000000, 0.000000,
       0.000000, 0.000000, 0.000000, 1.000000;;
    }
    Frame Character1_Reference {
      FrameTransformMatrix {
         1.000000, 0.000000, 0.000000, 0.000000,
         0.000000, 1.000000, 0.000000, 0.000000,
         0.000000, 0.000000, 1.000000, 0.000000,
         0.000000, 0.000000, 0.000000, 1.000000;;
      }
      Frame Character1_Reference_Character1_Hips {
        FrameTransformMatrix {
           0.003552, 0.999994,-0.000000, 0.000000,
           0.000000, 0.000000, 1.000000, 0.000000,
           0.999994,-0.003552,-0.000000, 0.000000,
           0.000000,86.858192, 1.182688, 1.000000;;
        }
        Frame Character1_Reference_Character1_LeftUpLeg {
          FrameTransformMatrix {
            -0.022567, 0.999745, 0.000198, 0.000000,
            -0.999179,-0.022548,-0.033658, 0.000000,
            -0.033645,-0.000958, 0.999433, 0.000000,
            -6.031919, 0.207881, 7.298302, 1.000000;;
          }
          Frame Character1_Reference_Character1_LeftLeg {
            FrameTransformMatrix {
               0.999459, 0.032880,-0.000079, 0.000000,
              -0.032880, 0.999459, 0.000002, 0.000000,
               0.000079, 0.000001, 1.000000, 0.000000,
              -0.787153,35.180210,-0.514430, 1.000000;;
            }
            Frame Character1_Reference_Character1_LeftFoot {
              FrameTransformMatrix {
                 0.860213,-0.509934,-0.000030, 0.000000,
                 0.509934, 0.860214,-0.000019, 0.000000,
                 0.000036, 0.000001, 1.000000, 0.000000,
                 0.383052,37.866703, 0.377767, 1.000000;;
              }
              Frame Character1_Reference_Character1_LeftToeBase {
                FrameTransformMatrix {
                   0.460815,-0.885751, 0.055624, 0.000000,
                   0.887146, 0.461488,-0.000843, 0.000000,
                  -0.024923, 0.049735, 0.998451, 0.000000,
                   4.771111, 8.429453, 0.392165, 1.000000;;
                }
              } // End of Character1_Reference_Character1_LeftToeBase
            } // End of Character1_Reference_Character1_LeftFoot
          } // End of Character1_Reference_Character1_LeftLeg
        } // End of Character1_Reference_Character1_LeftUpLeg
        Frame Character1_Reference_Character1_RightUpLeg {
          FrameTransformMatrix {
            -0.022038, 0.999757, 0.000052, 0.000000,
            -0.999751,-0.022038, 0.003549, 0.000000,
             0.003549, 0.000026, 0.999994, 0.000000,
            -6.083582, 0.207879,-7.255264, 1.000000;;
          }
          Frame Character1_Reference_Character1_RightLeg {
            FrameTransformMatrix {
               0.999417, 0.034140, 0.000051, 0.000000,
              -0.034140, 0.999417, 0.000000, 0.000000,
              -0.000051,-0.000002, 1.000000, 0.000000,
              -0.779826,35.136875, 1.823287, 1.000000;;
            }
            Frame Character1_Reference_Character1_RightFoot {
              FrameTransformMatrix {
                 0.859853,-0.510542,-0.000022, 0.000000,
                 0.510542, 0.859853,-0.000011, 0.000000,
                 0.000024,-0.000002, 1.000000, 0.000000,
                 0.382687,37.854576, 1.031370, 1.000000;;
              }
              Frame Character1_Reference_Character1_RightToeBase {
                FrameTransformMatrix {
                   0.461450,-0.887166,-0.000000, 0.000000,
                   0.887166, 0.461450, 0.000000, 0.000000,
                  -0.000000,-0.000000, 1.000000, 0.000000,
                   4.765782, 8.439149,-0.202451, 1.000000;;
                }
              } // End of Character1_Reference_Character1_RightToeBase
            } // End of Character1_Reference_Character1_RightFoot
          } // End of Character1_Reference_Character1_RightLeg
        } // End of Character1_Reference_Character1_RightUpLeg
        Frame Character1_Reference_Character1_Spine {
          FrameTransformMatrix {
            -0.085454, 0.996342, 0.000304, 0.000000,
             0.996336, 0.085455,-0.003539, 0.000000,
            -0.003552, 0.000000,-0.999994, 0.000000,
             2.271332, 0.818148,-0.008068, 1.000000;;
          }
          Frame Character1_Reference_Character1_Spine1 {
            FrameTransformMatrix {
               0.995164, 0.098224, 0.000000, 0.000000,
              -0.098224, 0.995164,-0.000000, 0.000000,
              -0.000000, 0.000000, 1.000000, 0.000000,
               0.175516, 9.134350, 0.000003, 1.000000;;
            }
            Frame Character1_Reference_Character1_Spine2 {
              FrameTransformMatrix {
                 0.954385, 0.298212, 0.014784, 0.000000,
                -0.298259, 0.954484, 0.001045, 0.000000,
                -0.013799,-0.005407, 0.999890, 0.000000,
                -0.030448, 8.766671, 0.000004, 1.000000;;
              }
              Frame Character1_Reference_Character1_LeftShoulder {
                FrameTransformMatrix {
                   0.950482,-0.310474,-0.013728, 0.000000,
                  -0.014777,-0.001025,-0.999890, 0.000000,
                   0.310426, 0.950581,-0.005562, 0.000000,
                  -0.139504,12.236694,-4.222677, 1.000000;;
                }
                Frame Character1_Reference_Character1_LeftArm {
                  FrameTransformMatrix {
                     0.999999,-0.001391, 0.000004, 0.000000,
                     0.001391, 0.999985,-0.005276, 0.000000,
                     0.000004, 0.005276, 0.999986, 0.000000,
                    -0.000003, 5.543700,-0.000085, 1.000000;;
                  }
                  Frame Character1_Reference_Character1_LeftForeArm {
                    FrameTransformMatrix {
                       1.000000,-0.000815, 0.000237, 0.000000,
                       0.000816, 0.999998,-0.002060, 0.000000,
                      -0.000235, 0.002060, 0.999998, 0.000000,
                       0.000852,23.377773,-0.000630, 1.000000;;
                    }
                    Frame Character1_Reference_Character1_LeftHand {
                      FrameTransformMatrix {
                         0.976410,-0.007445, 0.215795, 0.000000,
                        -0.002053, 0.999040, 0.043758, 0.000000,
                        -0.215914,-0.043169, 0.975458, 0.000000,
                        -0.000031,16.248211,-0.000022, 1.000000;;
                      }
                      Frame Character1_Reference_Character1_LeftHandIndex1 {
                        FrameTransformMatrix {
                           0.978249,-0.006845,-0.207319, 0.000000,
                          -0.010189, 0.996663,-0.080983, 0.000000,
                           0.207182, 0.081334, 0.974916, 0.000000,
                           2.571340, 8.074952, 0.142836, 1.000000;;
                        }
                        Frame Character1_Reference_Character1_LeftHandIndex2 {
                          FrameTransformMatrix {
                             0.999954,-0.008340,-0.004644, 0.000000,
                             0.008437, 0.999739, 0.021212, 0.000000,
                             0.004466,-0.021251, 0.999764, 0.000000,
                             0.250705, 2.426034, 0.118676, 1.000000;;
                          }
                          Frame Character1_Reference_Character1_LeftHandIndex3 {
                            FrameTransformMatrix {
                               0.999942, 0.009541,-0.004918, 0.000000,
                              -0.008861, 0.992312, 0.123445, 0.000000,
                               0.006058,-0.123394, 0.992339, 0.000000,
                               0.011821, 1.609689, 0.045836, 1.000000;;
                            }
                            Frame Character1_Reference_Character1_LeftHandIndex4 {
                              FrameTransformMatrix {
                                -0.024593,-0.001103, 0.999697, 0.000000,
                                -0.067842, 0.997696,-0.000568, 0.000000,
                                -0.997393,-0.067835,-0.024611, 0.000000,
                                 0.100699, 2.124994,-0.163681, 1.000000;;
                              }
                            } // End of Character1_Reference_Character1_LeftHandIndex4
                          } // End of Character1_Reference_Character1_LeftHandIndex3
                        } // End of Character1_Reference_Character1_LeftHandIndex2
                      } // End of Character1_Reference_Character1_LeftHandIndex1
                      Frame Character1_Reference_Character1_LeftHandMiddle1 {
                        FrameTransformMatrix {
                           0.988194, 0.104354,-0.112174, 0.000000,
                          -0.100814, 0.994224, 0.036801, 0.000000,
                           0.115366,-0.025058, 0.993007, 0.000000,
                           0.582163, 8.069620, 0.602138, 1.000000;;
                        }
                        Frame Character1_Reference_Character1_LeftHandMiddle2 {
                          FrameTransformMatrix {
                             0.997348,-0.023423, 0.068910, 0.000000,
                             0.032776, 0.989904,-0.137896, 0.000000,
                            -0.064984, 0.139789, 0.988046, 0.000000,
                             0.148202, 2.506314,-0.379364, 1.000000;;
                          }
                          Frame Character1_Reference_Character1_LeftHandMiddle3 {
                            FrameTransformMatrix {
                               0.998328, 0.032922, 0.047509, 0.000000,
                              -0.037834, 0.993591, 0.106515, 0.000000,
                              -0.043698,-0.108134, 0.993175, 0.000000,
                              -0.006785, 1.943110,-0.016172, 1.000000;;
                            }
                            Frame Character1_Reference_Character1_LeftHandMiddle4 {
                              FrameTransformMatrix {
                                 0.003184, 0.057158, 0.998360, 0.000000,
                                 0.038833, 0.997605,-0.057238, 0.000000,
                                -0.999241, 0.038951, 0.000957, 0.000000,
                                 0.091104, 2.201384,-0.011728, 1.000000;;
                              }
                            } // End of Character1_Reference_Character1_LeftHandMiddle4
                          } // End of Character1_Reference_Character1_LeftHandMiddle3
                        } // End of Character1_Reference_Character1_LeftHandMiddle2
                      } // End of Character1_Reference_Character1_LeftHandMiddle1
                      Frame Character1_Reference_Character1_LeftHandPinky1 {
                        FrameTransformMatrix {
                           0.894956, 0.415236, 0.163195, 0.000000,
                          -0.356575, 0.885548,-0.297757, 0.000000,
                          -0.268156, 0.208289, 0.940589, 0.000000,
                          -2.783574, 6.575307, 0.228373, 1.000000;;
                        }
                        Frame Character1_Reference_Character1_LeftHandPinky2 {
                          FrameTransformMatrix {
                             0.998244, 0.046154,-0.037121, 0.000000,
                            -0.044877, 0.998395, 0.034536, 0.000000,
                             0.038655,-0.032809, 0.998714, 0.000000,
                             0.013282, 1.809686, 0.001443, 1.000000;;
                          }
                          Frame Character1_Reference_Character1_LeftHandPinky3 {
                            FrameTransformMatrix {
                               0.999795,-0.002789, 0.020062, 0.000000,
                               0.002327, 0.999732, 0.023019, 0.000000,
                              -0.020120,-0.022968, 0.999534, 0.000000,
                               0.000282, 1.391082,-0.024779, 1.000000;;
                            }
                            Frame Character1_Reference_Character1_LeftHandPinky4 {
                              FrameTransformMatrix {
                                 0.995405, 0.005734, 0.095584, 0.000000,
                                -0.006469, 0.999952, 0.007383, 0.000000,
                                -0.095537,-0.007967, 0.995394, 0.000000,
                                -0.029924, 1.920949, 0.002340, 1.000000;;
                              }
                            } // End of Character1_Reference_Character1_LeftHandPinky4
                          } // End of Character1_Reference_Character1_LeftHandPinky3
                        } // End of Character1_Reference_Character1_LeftHandPinky2
                      } // End of Character1_Reference_Character1_LeftHandPinky1
                      Frame Character1_Reference_Character1_LeftHandRing1 {
                        FrameTransformMatrix {
                           0.957595, 0.256048, 0.132105, 0.000000,
                          -0.229704, 0.955243,-0.186404, 0.000000,
                          -0.173921, 0.148154, 0.973551, 0.000000,
                          -1.262631, 7.679276, 0.624623, 1.000000;;
                        }
                        Frame Character1_Reference_Character1_LeftHandRing2 {
                          FrameTransformMatrix {
                             0.998906, 0.003104,-0.046664, 0.000000,
                            -0.008471, 0.993301,-0.115244, 0.000000,
                             0.045994, 0.115513, 0.992240, 0.000000,
                            -0.075401, 2.368278,-0.109835, 1.000000;;
                          }
                          Frame Character1_Reference_Character1_LeftHandRing3 {
                            FrameTransformMatrix {
                               0.998405,-0.006736, 0.056045, 0.000000,
                               0.002901, 0.997666, 0.068227, 0.000000,
                              -0.056374,-0.067956, 0.996094, 0.000000,
                               0.016659, 1.590754, 0.086096, 1.000000;;
                            }
                            Frame Character1_Reference_Character1_LeftHandRing4 {
                              FrameTransformMatrix {
                                 0.999964,-0.005128,-0.006751, 0.000000,
                                 0.005354, 0.999411, 0.033887, 0.000000,
                                 0.006574,-0.033922, 0.999403, 0.000000,
                                -0.011559, 2.522678, 0.238423, 1.000000;;
                              }
                            } // End of Character1_Reference_Character1_LeftHandRing4
                          } // End of Character1_Reference_Character1_LeftHandRing3
                        } // End of Character1_Reference_Character1_LeftHandRing2
                      } // End of Character1_Reference_Character1_LeftHandRing1
                      Frame Character1_Reference_Character1_LeftHandThumb1 {
                        FrameTransformMatrix {
                          -0.540469,-0.150625,-0.827771, 0.000000,
                           0.465452, 0.766055,-0.443299, 0.000000,
                           0.700890,-0.624877,-0.343921, 0.000000,
                           1.826635, 2.476081,-1.423599, 1.000000;;
                        }
                        Frame Character1_Reference_Character1_LeftHandThumb2 {
                          FrameTransformMatrix {
                             0.993277,-0.115534, 0.007241, 0.000000,
                             0.115760, 0.991506,-0.059295, 0.000000,
                            -0.000329, 0.059735, 0.998214, 0.000000,
                             0.198607, 3.214546,-0.152292, 1.000000;;
                          }
                          Frame Character1_Reference_Character1_LeftHandThumb3 {
                            FrameTransformMatrix {
                               0.997239, 0.074229,-0.002057, 0.000000,
                              -0.074258, 0.996801,-0.029568, 0.000000,
                              -0.000144, 0.029639, 0.999561, 0.000000,
                              -0.100336, 1.756620,-0.008476, 1.000000;;
                            }
                            Frame Character1_Reference_Character1_LeftHandThumb4 {
                              FrameTransformMatrix {
                                 0.997324, 0.051720, 0.051670, 0.000000,
                                -0.052809, 0.998406, 0.019931, 0.000000,
                                -0.050556,-0.022606, 0.998465, 0.000000,
                                -0.114382, 2.630433, 0.057084, 1.000000;;
                              }
                            } // End of Character1_Reference_Character1_LeftHandThumb4
                          } // End of Character1_Reference_Character1_LeftHandThumb3
                        } // End of Character1_Reference_Character1_LeftHandThumb2
                      } // End of Character1_Reference_Character1_LeftHandThumb1
                    } // End of Character1_Reference_Character1_LeftHand
                    Frame Character1_Reference_J_L_Sode_A00 {
                      FrameTransformMatrix {
                         0.977923,-0.175625, 0.113238, 0.000000,
                         0.153062, 0.970933, 0.184016, 0.000000,
                        -0.142264,-0.162621, 0.976379, 0.000000,
                         3.601034, 4.704530,-0.102934, 1.000000;;
                      }
                      Frame Character1_Reference_J_L_Sode_A01 {
                        FrameTransformMatrix {
                          -0.066266,-0.000000,-0.997802, 0.000000,
                          -0.000000, 1.000000,-0.000000, 0.000000,
                           0.997802, 0.000000,-0.066266, 0.000000,
                          -1.089507,14.825143,-1.834221, 1.000000;;
                        }
                      } // End of Character1_Reference_J_L_Sode_A01
                    } // End of Character1_Reference_J_L_Sode_A00
                    Frame Character1_Reference_J_L_Sode_B00 {
                      FrameTransformMatrix {
                         0.000346,-0.101194, 0.994867, 0.000000,
                        -0.001060, 0.994866, 0.101194, 0.000000,
                        -0.999999,-0.001090, 0.000237, 0.000000,
                         0.025279, 4.425116, 3.773058, 1.000000;;
                      }
                      Frame Character1_Reference_J_L_Sode_B01 {
                        FrameTransformMatrix {
                           1.000000,-0.000000, 0.000000, 0.000000,
                           0.000000, 1.000000,-0.000000, 0.000000,
                          -0.000000, 0.000000, 1.000000, 0.000000,
                           0.000003,15.087296,-0.000000, 1.000000;;
                        }
                      } // End of Character1_Reference_J_L_Sode_B01
                    } // End of Character1_Reference_J_L_Sode_B00
                    Frame Character1_Reference_J_L_Sode_C00 {
                      FrameTransformMatrix {
                        -0.963229,-0.268401, 0.012301, 0.000000,
                        -0.268683, 0.962238,-0.043660, 0.000000,
                        -0.000118,-0.045360,-0.998971, 0.000000,
                        -4.891024, 4.139005,-1.278884, 1.000000;;
                      }
                      Frame Character1_Reference_J_L_Sode_C01 {
                        FrameTransformMatrix {
                           1.000000,-0.000000, 0.000000, 0.000000,
                           0.000000, 1.000000,-0.000000, 0.000000,
                          -0.000000, 0.000000, 1.000000, 0.000000,
                           0.000000,16.287882, 0.000003, 1.000000;;
                        }
                      } // End of Character1_Reference_J_L_Sode_C01
                    } // End of Character1_Reference_J_L_Sode_C00
                    Frame Character1_Reference_J_L_Sode_D00 {
                      FrameTransformMatrix {
                         0.243524,-0.157312,-0.957052, 0.000000,
                        -0.114323, 0.975224,-0.189389, 0.000000,
                         0.963133, 0.155534, 0.219506, 0.000000,
                         0.271871, 4.395508,-3.898803, 1.000000;;
                      }
                      Frame Character1_Reference_J_L_Sode_D01 {
                        FrameTransformMatrix {
                           1.000000, 0.000000, 0.000000, 0.000000,
                          -0.000000, 1.000000, 0.000000, 0.000000,
                          -0.000000,-0.000000, 1.000000, 0.000000,
                          -0.081667,14.457129, 0.739908, 1.000000;;
                        }
                      } // End of Character1_Reference_J_L_Sode_D01
                    } // End of Character1_Reference_J_L_Sode_D00
                  } // End of Character1_Reference_Character1_LeftForeArm
                } // End of Character1_Reference_Character1_LeftArm
              } // End of Character1_Reference_Character1_LeftShoulder
              Frame Character1_Reference_Character1_Neck {
                FrameTransformMatrix {
                   0.935579,-0.352860,-0.013464, 0.000000,
                   0.352807, 0.935675,-0.006195, 0.000000,
                   0.014784, 0.001045, 0.999890, 0.000000,
                   0.829824,15.685158,-0.028656, 1.000000;;
                }
                Frame Character1_Reference_Character1_Head {
                  FrameTransformMatrix {
                     0.982578, 0.181133,-0.041604, 0.000000,
                    -0.180625, 0.983427, 0.015702, 0.000000,
                     0.043758,-0.007914, 0.999011, 0.000000,
                    -0.553447, 7.808346, 0.000008, 1.000000;;
                  }
                  Frame Character1_Reference_J_L_HairFront_00 {
                    FrameTransformMatrix {
                       0.992738, 0.089409,-0.080459, 0.000000,
                       0.094210,-0.993862, 0.057982, 0.000000,
                      -0.074783,-0.065142,-0.995069, 0.000000,
                      11.062725,11.835340, 0.064684, 1.000000;;
                    }
                    Frame Character1_Reference_J_L_HairFront_01 {
                      FrameTransformMatrix {
                         0.985627, 0.113559,-0.125076, 0.000000,
                        -0.139233, 0.965344,-0.220736, 0.000000,
                         0.095675, 0.234978, 0.967281, 0.000000,
                        -0.055598, 8.693605, 0.224344, 1.000000;;
                      }
                    } // End of Character1_Reference_J_L_HairFront_01
                  } // End of Character1_Reference_J_L_HairFront_00
                  Frame Character1_Reference_J_L_HairSide_00 {
                    FrameTransformMatrix {
                       0.950380,-0.310721,-0.015152, 0.000000,
                      -0.299829,-0.901905,-0.310917, 0.000000,
                       0.082943, 0.300033,-0.950316, 0.000000,
                       8.420382, 9.528881,-8.411821, 1.000000;;
                    }
                    Frame Character1_Reference_J_L_HairSide_01 {
                      FrameTransformMatrix {
                         0.999773,-0.013256,-0.016697, 0.000000,
                         0.011631, 0.995514,-0.093894, 0.000000,
                         0.017866, 0.093679, 0.995442, 0.000000,
                         0.000003, 7.190713,-0.000001, 1.000000;;
                      }
                      Frame Character1_Reference_J_L_HairSide_02 {
                        FrameTransformMatrix {
                           0.421818,-0.163831, 0.891756, 0.000000,
                           0.311798, 0.949765, 0.027002, 0.000000,
                          -0.851383, 0.266657, 0.451710, 0.000000,
                           0.000004, 7.073256, 0.000001, 1.000000;;
                        }
                      } // End of Character1_Reference_J_L_HairSide_02
                    } // End of Character1_Reference_J_L_HairSide_01
                  } // End of Character1_Reference_J_L_HairSide_00
                  Frame Character1_Reference_J_L_HairTail_00 {
                    FrameTransformMatrix {
                      -0.933315, 0.359058, 0.000446, 0.000000,
                      -0.352701,-0.916557,-0.188479, 0.000000,
                      -0.067266,-0.176068, 0.982077, 0.000000,
                      -6.754833, 3.154415,-6.546028, 1.000000;;
                    }
                    Frame Character1_Reference_J_L_HairTail_01 {
                      FrameTransformMatrix {
                         0.999985, 0.005479, 0.000247, 0.000000,
                        -0.005479, 0.999984,-0.001051, 0.000000,
                        -0.000252, 0.001050, 0.999999, 0.000000,
                        -0.000002,11.597696, 0.000003, 1.000000;;
                      }
                      Frame Character1_Reference_J_L_HairTail_02 {
                        FrameTransformMatrix {
                           0.999178, 0.039788, 0.007816, 0.000000,
                          -0.039438, 0.998389,-0.040785, 0.000000,
                          -0.009426, 0.040443, 0.999137, 0.000000,
                           0.000003,13.655787, 0.000001, 1.000000;;
                        }
                        Frame Character1_Reference_J_L_HairTail_03 {
                          FrameTransformMatrix {
                             0.998774, 0.048556,-0.009635, 0.000000,
                            -0.047794, 0.996552, 0.067822, 0.000000,
                             0.012895,-0.067278, 0.997651, 0.000000,
                            -0.000001,13.229259, 0.000000, 1.000000;;
                          }
                          Frame Character1_Reference_J_L_HairTail_04 {
                            FrameTransformMatrix {
                               0.992994, 0.118082,-0.004523, 0.000000,
                              -0.114959, 0.974172, 0.194355, 0.000000,
                               0.027357,-0.192474, 0.980921, 0.000000,
                               0.000001,13.752586,-0.000004, 1.000000;;
                            }
                            Frame Character1_Reference_J_L_HairTail_05 {
                              FrameTransformMatrix {
                                 0.997846, 0.065589, 0.001171, 0.000000,
                                -0.065597, 0.997472, 0.027315, 0.000000,
                                 0.000623,-0.027333, 0.999626, 0.000000,
                                 0.000006,14.597838, 0.000000, 1.000000;;
                              }
                              Frame Character1_Reference_J_L_HairTail_06 {
                                FrameTransformMatrix {
                                   1.000000,-0.000000, 0.000001, 0.000000,
                                   0.000000, 1.000000, 0.000000, 0.000000,
                                  -0.000001,-0.000000, 1.000000, 0.000000,
                                   0.000000,15.477870, 0.000000, 1.000000;;
                                }
                              } // End of Character1_Reference_J_L_HairTail_06
                            } // End of Character1_Reference_J_L_HairTail_05
                          } // End of Character1_Reference_J_L_HairTail_04
                        } // End of Character1_Reference_J_L_HairTail_03
                      } // End of Character1_Reference_J_L_HairTail_02
                    } // End of Character1_Reference_J_L_HairTail_01
                  } // End of Character1_Reference_J_L_HairTail_00
                  Frame Character1_Reference_J_L_HeadRibbon_00 {
                    FrameTransformMatrix {
                       0.810834, 0.503599,-0.298222, 0.000000,
                      -0.584647, 0.720551,-0.372819, 0.000000,
                       0.027133, 0.476649, 0.878675, 0.000000,
                       8.956380,17.970791,-4.141201, 1.000000;;
                    }
                    Frame Character1_Reference_J_L_HeadRibbon_01 {
                      FrameTransformMatrix {
                         0.353232,-0.293817,-0.888200, 0.000000,
                        -0.629008, 0.628190,-0.457959, 0.000000,
                         0.692514, 0.720450, 0.037084, 0.000000,
                        -0.000012, 8.505313,-0.000006, 1.000000;;
                      }
                      Frame Character1_Reference_J_L_HeadRibbon_02 {
                        FrameTransformMatrix {
                          -0.475338,-0.259288, 0.840728, 0.000000,
                          -0.273473, 0.951795, 0.138923, 0.000000,
                          -0.836221,-0.163881,-0.523333, 0.000000,
                          -0.000007,14.172978,-0.000004, 1.000000;;
                        }
                      } // End of Character1_Reference_J_L_HeadRibbon_02
                    } // End of Character1_Reference_J_L_HeadRibbon_01
                  } // End of Character1_Reference_J_L_HeadRibbon_00
                  Frame Character1_Reference_J_R_HairFront_00 {
                    FrameTransformMatrix {
                       0.922756, 0.244274, 0.298087, 0.000000,
                       0.200582,-0.964858, 0.169752, 0.000000,
                       0.329080,-0.096848,-0.939324, 0.000000,
                      10.995261,11.864700, 0.727660, 1.000000;;
                    }
                    Frame Character1_Reference_J_R_HairFront_01 {
                      FrameTransformMatrix {
                         0.994576, 0.018302, 0.102391, 0.000000,
                        -0.020636, 0.999550, 0.021781, 0.000000,
                        -0.101946,-0.023776, 0.994506, 0.000000,
                        -0.004743, 6.283847, 0.148962, 1.000000;;
                      }
                    } // End of Character1_Reference_J_R_HairFront_01
                  } // End of Character1_Reference_J_R_HairFront_00
                  Frame Character1_Reference_J_R_HairSide_00 {
                    FrameTransformMatrix {
                       0.945426,-0.308848, 0.103841, 0.000000,
                      -0.325812,-0.892101, 0.313054, 0.000000,
                      -0.004050,-0.329801,-0.944042, 0.000000,
                       7.704447, 9.799058, 8.779542, 1.000000;;
                    }
                    Frame Character1_Reference_J_R_HairSide_01 {
                      FrameTransformMatrix {
                         0.999773,-0.013259, 0.016694, 0.000000,
                         0.011635, 0.995514, 0.093892, 0.000000,
                        -0.017864,-0.093676, 0.995442, 0.000000,
                         0.000002, 7.190772, 0.000003, 1.000000;;
                      }
                      Frame Character1_Reference_J_R_HairSide_02 {
                        FrameTransformMatrix {
                           0.170525, 0.959073, 0.226055, 0.000000,
                          -0.039573,-0.222564, 0.974115, 0.000000,
                           0.984558,-0.175057, 0.000001, 0.000000,
                           0.000002, 7.073506,-0.000003, 1.000000;;
                        }
                      } // End of Character1_Reference_J_R_HairSide_02
                    } // End of Character1_Reference_J_R_HairSide_01
                  } // End of Character1_Reference_J_R_HairSide_00
                  Frame Character1_Reference_J_R_HairTail_00 {
                    FrameTransformMatrix {
                      -0.929576, 0.357650,-0.089293, 0.000000,
                      -0.368348,-0.910650, 0.187182, 0.000000,
                      -0.014370, 0.206891, 0.978258, 0.000000,
                      -7.271502, 3.349175, 5.859684, 1.000000;;
                    }
                    Frame Character1_Reference_J_R_HairTail_01 {
                      FrameTransformMatrix {
                         0.999985, 0.005489,-0.000244, 0.000000,
                        -0.005489, 0.999985, 0.001036, 0.000000,
                         0.000249,-0.001034, 0.999999, 0.000000,
                         0.000005,11.597516,-0.000003, 1.000000;;
                      }
                      Frame Character1_Reference_J_R_HairTail_02 {
                        FrameTransformMatrix {
                           0.999178, 0.039778,-0.007817, 0.000000,
                          -0.039427, 0.998389, 0.040792, 0.000000,
                           0.009427,-0.040450, 0.999137, 0.000000,
                           0.000000,13.656182, 0.000001, 1.000000;;
                        }
                        Frame Character1_Reference_J_R_HairTail_03 {
                          FrameTransformMatrix {
                             0.998774, 0.048558, 0.009631, 0.000000,
                            -0.047796, 0.996552,-0.067818, 0.000000,
                            -0.012891, 0.067275, 0.997651, 0.000000,
                             0.000002,13.228854, 0.000002, 1.000000;;
                          }
                          Frame Character1_Reference_J_R_HairTail_04 {
                            FrameTransformMatrix {
                               0.992994, 0.118080, 0.004518, 0.000000,
                              -0.114957, 0.974170,-0.194366, 0.000000,
                              -0.027352, 0.192485, 0.980919, 0.000000,
                               0.000001,13.752598, 0.000001, 1.000000;;
                            }
                            Frame Character1_Reference_J_R_HairTail_05 {
                              FrameTransformMatrix {
                                 0.997846, 0.065590,-0.001138, 0.000000,
                                -0.065596, 0.997472,-0.027314, 0.000000,
                                -0.000656, 0.027330, 0.999626, 0.000000,
                                -0.000000,14.597897,-0.000000, 1.000000;;
                              }
                              Frame Character1_Reference_J_R_HairTail_06 {
                                FrameTransformMatrix {
                                   1.000000,-0.000000,-0.000023, 0.000000,
                                   0.000000, 1.000000, 0.000000, 0.000000,
                                   0.000023,-0.000000, 1.000000, 0.000000,
                                  -0.000003,15.477827,-0.000000, 1.000000;;
                                }
                              } // End of Character1_Reference_J_R_HairTail_06
                            } // End of Character1_Reference_J_R_HairTail_05
                          } // End of Character1_Reference_J_R_HairTail_04
                        } // End of Character1_Reference_J_R_HairTail_03
                      } // End of Character1_Reference_J_R_HairTail_02
                    } // End of Character1_Reference_J_R_HairTail_01
                  } // End of Character1_Reference_J_R_HairTail_00
                  Frame Character1_Reference_J_R_HeadRibbon_00 {
                    FrameTransformMatrix {
                       0.783917, 0.513754, 0.348614, 0.000000,
                      -0.612646, 0.731155, 0.300130, 0.000000,
                      -0.100698,-0.448854, 0.887913, 0.000000,
                       8.604570,18.103249, 4.305517, 1.000000;;
                    }
                    Frame Character1_Reference_J_R_HeadRibbon_01 {
                      FrameTransformMatrix {
                         0.353242,-0.293791, 0.888204, 0.000000,
                        -0.629027, 0.628178, 0.457949, 0.000000,
                        -0.692492,-0.720471, 0.037096, 0.000000,
                         0.000008, 8.505587,-0.000002, 1.000000;;
                      }
                      Frame Character1_Reference_J_R_HeadRibbon_02 {
                        FrameTransformMatrix {
                           0.385775, 0.198902, 0.900897, 0.000000,
                          -0.800732,-0.412848, 0.434033, 0.000000,
                           0.458264,-0.888816, 0.000000, 0.000000,
                           0.000000,14.172893,-0.000003, 1.000000;;
                        }
                      } // End of Character1_Reference_J_R_HeadRibbon_02
                    } // End of Character1_Reference_J_R_HeadRibbon_01
                  } // End of Character1_Reference_J_R_HeadRibbon_00
                } // End of Character1_Reference_Character1_Head
              } // End of Character1_Reference_Character1_Neck
              Frame Character1_Reference_Character1_RightShoulder {
                FrameTransformMatrix {
                   0.950482,-0.310475,-0.013728, 0.000000,
                   0.014790, 0.001066, 0.999890, 0.000000,
                  -0.310426,-0.950581, 0.005606, 0.000000,
                  -0.014978,12.245500, 4.199370, 1.000000;;
                }
                Frame Character1_Reference_Character1_RightArm {
                  FrameTransformMatrix {
                     0.999999,-0.001391,-0.000004, 0.000000,
                     0.001391, 0.999985, 0.005276, 0.000000,
                    -0.000004,-0.005276, 0.999986, 0.000000,
                    -0.000003, 5.543746, 0.000093, 1.000000;;
                  }
                  Frame Character1_Reference_Character1_RightForeArm {
                    FrameTransformMatrix {
                       1.000000,-0.000841,-0.000248, 0.000000,
                       0.000842, 0.999997, 0.002071, 0.000000,
                       0.000247,-0.002072, 0.999998, 0.000000,
                       0.000877,23.377934, 0.000738, 1.000000;;
                    }
                    Frame Character1_Reference_Character1_RightHand {
                      FrameTransformMatrix {
                         0.999994, 0.001293,-0.003224, 0.000000,
                        -0.000728, 0.985508, 0.169630, 0.000000,
                         0.003397,-0.169626, 0.985503, 0.000000,
                        -0.000033,16.248045,-0.000175, 1.000000;;
                      }
                      Frame Character1_Reference_Character1_RightHandIndex1 {
                        FrameTransformMatrix {
                          -0.987118, 0.045004, 0.153535, 0.000000,
                           0.032041, 0.995789,-0.085890, 0.000000,
                          -0.156754,-0.079864,-0.984403, 0.000000,
                           2.477361, 7.745891,-2.387743, 1.000000;;
                        }
                        Frame Character1_Reference_Character1_RightHandIndex2 {
                          FrameTransformMatrix {
                             0.998422, 0.000289, 0.056158, 0.000000,
                             0.003515, 0.997705,-0.067617, 0.000000,
                            -0.056049, 0.067707, 0.996130, 0.000000,
                            -0.223003, 2.423313, 0.200866, 1.000000;;
                          }
                          Frame Character1_Reference_Character1_RightHandIndex3 {
                            FrameTransformMatrix {
                               0.996930,-0.014889, 0.076866, 0.000000,
                               0.012665, 0.999489, 0.029344, 0.000000,
                              -0.077264,-0.028280, 0.996609, 0.000000,
                               0.000119, 1.588626, 0.264197, 1.000000;;
                            }
                            Frame Character1_Reference_Character1_RightHandIndex4 {
                              FrameTransformMatrix {
                                 0.992359, 0.012524,-0.122744, 0.000000,
                                 0.015633, 0.974056, 0.225768, 0.000000,
                                 0.122387,-0.225962, 0.966417, 0.000000,
                                -0.070408, 2.107484, 0.325408, 1.000000;;
                              }
                            } // End of Character1_Reference_Character1_RightHandIndex4
                          } // End of Character1_Reference_Character1_RightHandIndex3
