xof 0303txt 0032

template XSkinMeshHeader {
  <3cf169ce-ff7c-44ab-93c0-f78f62d172e2>
  WORD nMaxSkinWeightsPerVertex;
  WORD nMaxSkinWeightsPerFace;
  WORD nBones;
}

template SkinWeights {
  <6f0d123b-bad2-4167-a0d0-80224f25fabb>
  STRING transformNodeName;
  DWORD nWeights;
  array DWORD vertexIndices[nWeights];
  array float weights[nWeights];
  Matrix4x4 matrixOffset;
}

Frame Root {
  FrameTransformMatrix {
     1.000000, 0.000000, 0.000000, 0.000000,
     0.000000,-0.000000,-1.000000, 0.000000,
     0.000000, 1.000000,-0.000000, 0.000000,
     0.000000, 0.000000, 0.000000, 1.000000;;
  }
  Frame group1 {
    FrameTransformMatrix {
       1.000000, 0.000000, 0.000000, 0.000000,
       0.000000,-0.000000, 1.000000, 0.000000,
       0.000000,-1.000000,-0.000000, 0.000000,
       0.000000, 0.000000, 0.000000, 1.000000;;
    }
    Frame Character1_Reference {
      FrameTransformMatrix {
         1.000000, 0.000000, 0.000000, 0.000000,
         0.000000, 1.000000, 0.000000, 0.000000,
         0.000000, 0.000000, 1.000000, 0.000000,
         0.000000, 0.000000, 0.000000, 1.000000;;
      }
      Frame Character1_Reference_Character1_Hips {
        FrameTransformMatrix {
           0.003552, 0.999994,-0.000000, 0.000000,
           0.000000, 0.000000, 1.000000, 0.000000,
           0.999994,-0.003552,-0.000000, 0.000000,
           0.000000,86.858185, 1.182688, 1.000000;;
        }
        Frame Character1_Reference_Character1_LeftUpLeg {
          FrameTransformMatrix {
            -0.021876, 0.999761, 0.000168, 0.000000,
            -0.999194,-0.021858,-0.033657, 0.000000,
            -0.033646,-0.000904, 0.999433, 0.000000,
            -6.031912, 0.207883, 7.298306, 1.000000;;
          }
          Frame Character1_Reference_Character1_LeftLeg {
            FrameTransformMatrix {
               0.999427, 0.033856,-0.000047, 0.000000,
              -0.033856, 0.999427,-0.000001, 0.000000,
               0.000047, 0.000002, 1.000000, 0.000000,
              -0.800531,35.179886,-0.514495, 1.000000;;
            }
            Frame Character1_Reference_Character1_LeftFoot {
              FrameTransformMatrix {
                 0.860067,-0.510181,-0.000012, 0.000000,
                 0.510181, 0.860067,-0.000007, 0.000000,
                 0.000014, 0.000000, 1.000000, 0.000000,
                 0.383047,37.866703, 0.377766, 1.000000;;
              }
              Frame Character1_Reference_Character1_LeftToeBase {
                FrameTransformMatrix {
                   0.460733,-0.885794, 0.055624, 0.000000,
                   0.887165, 0.461453, 0.000107, 0.000000,
                  -0.025763, 0.049298, 0.998452, 0.000000,
                   4.771107, 8.429449, 0.392164, 1.000000;;
                }
              } // End of Character1_Reference_Character1_LeftToeBase
            } // End of Character1_Reference_Character1_LeftFoot
          } // End of Character1_Reference_Character1_LeftLeg
        } // End of Character1_Reference_Character1_LeftUpLeg
        Frame Character1_Reference_Character1_RightUpLeg {
          FrameTransformMatrix {
            -0.022410, 0.999749, 0.000067, 0.000000,
            -0.999743,-0.022410, 0.003549, 0.000000,
             0.003549, 0.000012, 0.999994, 0.000000,
            -6.083582, 0.207879,-7.255267, 1.000000;;
          }
          Frame Character1_Reference_Character1_RightLeg {
            FrameTransformMatrix {
               0.999459, 0.032879, 0.000012, 0.000000,
              -0.032879, 0.999459, 0.000000, 0.000000,
              -0.000012,-0.000000, 1.000000, 0.000000,
              -0.800433,35.136383, 1.823285, 1.000000;;
            }
            Frame Character1_Reference_Character1_RightFoot {
              FrameTransformMatrix {
                 0.860307,-0.509777,-0.000001, 0.000000,
                 0.509777, 0.860307, 0.000002, 0.000000,
                -0.000000,-0.000002, 1.000000, 0.000000,
                 0.382682,37.854549, 1.031358, 1.000000;;
              }
              Frame Character1_Reference_Character1_RightToeBase {
                FrameTransformMatrix {
                   0.461450,-0.887166,-0.000000, 0.000000,
                   0.887166, 0.461450, 0.000119, 0.000000,
                  -0.000105,-0.000055, 1.000000, 0.000000,
                   4.765778, 8.439145,-0.202449, 1.000000;;
                }
              } // End of Character1_Reference_Character1_RightToeBase
            } // End of Character1_Reference_Character1_RightFoot
          } // End of Character1_Reference_Character1_RightLeg
        } // End of Character1_Reference_Character1_RightUpLeg
        Frame Character1_Reference_Character1_Spine {
          FrameTransformMatrix {
            -0.085454, 0.996342, 0.000304, 0.000000,
             0.996336, 0.085455,-0.003539, 0.000000,
            -0.003552, 0.000000,-0.999994, 0.000000,
             2.271332, 0.818150,-0.008070, 1.000000;;
          }
          Frame Character1_Reference_Character1_Spine1 {
            FrameTransformMatrix {
               0.995164, 0.098224, 0.000000, 0.000000,
              -0.098224, 0.995164,-0.000000, 0.000000,
              -0.000000, 0.000000, 1.000000, 0.000000,
               0.175515, 9.134357, 0.000001, 1.000000;;
            }
            Frame Character1_Reference_Character1_Spine2 {
              FrameTransformMatrix {
                 0.954385, 0.298212, 0.014784, 0.000000,
                -0.298259, 0.954484, 0.001045, 0.000000,
                -0.013799,-0.005407, 0.999890, 0.000000,
                -0.030446, 8.766671, 0.000002, 1.000000;;
              }
              Frame Character1_Reference_Character1_LeftShoulder {
                FrameTransformMatrix {
                   0.950482,-0.310475,-0.013728, 0.000000,
                  -0.014777,-0.001025,-0.999890, 0.000000,
                   0.310426, 0.950581,-0.005562, 0.000000,
                  -0.139505,12.236683,-4.222681, 1.000000;;
                }
                Frame Character1_Reference_Character1_LeftArm {
                  FrameTransformMatrix {
                     0.999999,-0.001391, 0.000004, 0.000000,
                     0.001391, 0.999985,-0.005278, 0.000000,
                     0.000004, 0.005278, 0.999986, 0.000000,
                    -0.000005, 5.543699,-0.000085, 1.000000;;
                  }
                  Frame Character1_Reference_Character1_LeftForeArm {
                    FrameTransformMatrix {
                       1.000000,-0.000815, 0.000237, 0.000000,
                       0.000816, 0.999998,-0.002057, 0.000000,
                      -0.000235, 0.002058, 0.999998, 0.000000,
                       0.000846,23.377754,-0.000633, 1.000000;;
                    }
                    Frame Character1_Reference_Character1_LeftHand {
                      FrameTransformMatrix {
                         0.976410,-0.007445, 0.215795, 0.000000,
                        -0.002053, 0.999040, 0.043757, 0.000000,
                        -0.215914,-0.043168, 0.975458, 0.000000,
                        -0.000030,16.248194,-0.000020, 1.000000;;
                      }
                      Frame Character1_Reference_Character1_LeftHandIndex1 {
                        FrameTransformMatrix {
                           0.978249,-0.006845,-0.207319, 0.000000,
                          -0.010189, 0.996663,-0.080983, 0.000000,
                           0.207182, 0.081334, 0.974916, 0.000000,
                           2.571343, 8.074949, 0.142841, 1.000000;;
                        }
                        Frame Character1_Reference_Character1_LeftHandIndex2 {
                          FrameTransformMatrix {
                             0.999955,-0.008340,-0.004644, 0.000000,
                             0.008437, 0.999739, 0.021213, 0.000000,
                             0.004466,-0.021251, 0.999764, 0.000000,
                             0.250706, 2.426039, 0.118654, 1.000000;;
                          }
                          Frame Character1_Reference_Character1_LeftHandIndex3 {
                            FrameTransformMatrix {
                               0.999942, 0.009541,-0.004918, 0.000000,
                              -0.008861, 0.992312, 0.123445, 0.000000,
                               0.006058,-0.123394, 0.992339, 0.000000,
                               0.011821, 1.609687, 0.045834, 1.000000;;
                            }
                            Frame Character1_Reference_Character1_LeftHandIndex4 {
                              FrameTransformMatrix {
                                -0.024593,-0.001103, 0.999697, 0.000000,
                                -0.067842, 0.997696,-0.000568, 0.000000,
                                -0.997393,-0.067835,-0.024611, 0.000000,
                                 0.100699, 2.124993,-0.163688, 1.000000;;
                              }
                            } // End of Character1_Reference_Character1_LeftHandIndex4
                          } // End of Character1_Reference_Character1_LeftHandIndex3
                        } // End of Character1_Reference_Character1_LeftHandIndex2
                      } // End of Character1_Reference_Character1_LeftHandIndex1
                      Frame Character1_Reference_Character1_LeftHandMiddle1 {
                        FrameTransformMatrix {
                           0.988194, 0.104354,-0.112174, 0.000000,
                          -0.100814, 0.994224, 0.036801, 0.000000,
                           0.115366,-0.025058, 0.993007, 0.000000,
                           0.582167, 8.069613, 0.602135, 1.000000;;
                        }
                        Frame Character1_Reference_Character1_LeftHandMiddle2 {
                          FrameTransformMatrix {
                             0.997348,-0.023423, 0.068910, 0.000000,
                             0.032776, 0.989904,-0.137896, 0.000000,
                            -0.064984, 0.139789, 0.988047, 0.000000,
                             0.148198, 2.506314,-0.379355, 1.000000;;
                          }
                          Frame Character1_Reference_Character1_LeftHandMiddle3 {
                            FrameTransformMatrix {
                               0.998328, 0.032922, 0.047509, 0.000000,
                              -0.037835, 0.993591, 0.106514, 0.000000,
                              -0.043698,-0.108134, 0.993175, 0.000000,
                              -0.006783, 1.943115,-0.016181, 1.000000;;
                            }
                            Frame Character1_Reference_Character1_LeftHandMiddle4 {
                              FrameTransformMatrix {
                                 0.003184, 0.057158, 0.998360, 0.000000,
                                 0.038833, 0.997605,-0.057238, 0.000000,
                                -0.999241, 0.038952, 0.000957, 0.000000,
                                 0.091101, 2.201382,-0.011720, 1.000000;;
                              }
                            } // End of Character1_Reference_Character1_LeftHandMiddle4
                          } // End of Character1_Reference_Character1_LeftHandMiddle3
                        } // End of Character1_Reference_Character1_LeftHandMiddle2
                      } // End of Character1_Reference_Character1_LeftHandMiddle1
                      Frame Character1_Reference_Character1_LeftHandPinky1 {
                        FrameTransformMatrix {
                           0.894957, 0.415235, 0.163195, 0.000000,
                          -0.356574, 0.885548,-0.297756, 0.000000,
                          -0.268156, 0.208288, 0.940590, 0.000000,
                          -2.783566, 6.575297, 0.228370, 1.000000;;
                        }
                        Frame Character1_Reference_Character1_LeftHandPinky2 {
                          FrameTransformMatrix {
                             0.998244, 0.046155,-0.037121, 0.000000,
                            -0.044878, 0.998395, 0.034534, 0.000000,
                             0.038655,-0.032808, 0.998714, 0.000000,
                             0.013275, 1.809688, 0.001458, 1.000000;;
                          }
                          Frame Character1_Reference_Character1_LeftHandPinky3 {
                            FrameTransformMatrix {
                               0.999795,-0.002789, 0.020062, 0.000000,
                               0.002327, 0.999732, 0.023019, 0.000000,
                              -0.020120,-0.022968, 0.999534, 0.000000,
                               0.000274, 1.391083,-0.024773, 1.000000;;
                            }
                            Frame Character1_Reference_Character1_LeftHandPinky4 {
                              FrameTransformMatrix {
                                 0.995405, 0.005734, 0.095584, 0.000000,
                                -0.006469, 0.999952, 0.007383, 0.000000,
                                -0.095537,-0.007967, 0.995394, 0.000000,
                                -0.029932, 1.920960, 0.002341, 1.000000;;
                              }
                            } // End of Character1_Reference_Character1_LeftHandPinky4
                          } // End of Character1_Reference_Character1_LeftHandPinky3
                        } // End of Character1_Reference_Character1_LeftHandPinky2
                      } // End of Character1_Reference_Character1_LeftHandPinky1
                      Frame Character1_Reference_Character1_LeftHandRing1 {
                        FrameTransformMatrix {
                           0.957595, 0.256048, 0.132105, 0.000000,
                          -0.229704, 0.955243,-0.186404, 0.000000,
                          -0.173921, 0.148154, 0.973551, 0.000000,
                          -1.262622, 7.679270, 0.624620, 1.000000;;
                        }
                        Frame Character1_Reference_Character1_LeftHandRing2 {
                          FrameTransformMatrix {
                             0.998906, 0.003104,-0.046664, 0.000000,
                            -0.008471, 0.993301,-0.115244, 0.000000,
                             0.045994, 0.115513, 0.992241, 0.000000,
                            -0.075401, 2.368268,-0.109832, 1.000000;;
                          }
                          Frame Character1_Reference_Character1_LeftHandRing3 {
                            FrameTransformMatrix {
                               0.998405,-0.006736, 0.056045, 0.000000,
                               0.002901, 0.997666, 0.068227, 0.000000,
                              -0.056374,-0.067956, 0.996094, 0.000000,
                               0.016664, 1.590757, 0.086091, 1.000000;;
                            }
                            Frame Character1_Reference_Character1_LeftHandRing4 {
                              FrameTransformMatrix {
                                 0.999964,-0.005127,-0.006751, 0.000000,
                                 0.005353, 0.999411, 0.033885, 0.000000,
                                 0.006574,-0.033920, 0.999403, 0.000000,
                                -0.011566, 2.522674, 0.238415, 1.000000;;
                              }
                            } // End of Character1_Reference_Character1_LeftHandRing4
                          } // End of Character1_Reference_Character1_LeftHandRing3
                        } // End of Character1_Reference_Character1_LeftHandRing2
                      } // End of Character1_Reference_Character1_LeftHandRing1
                      Frame Character1_Reference_Character1_LeftHandThumb1 {
                        FrameTransformMatrix {
                          -0.540469,-0.150625,-0.827771, 0.000000,
                           0.465452, 0.766055,-0.443299, 0.000000,
                           0.700890,-0.624877,-0.343921, 0.000000,
                           1.826638, 2.476071,-1.423601, 1.000000;;
                        }
                        Frame Character1_Reference_Character1_LeftHandThumb2 {
                          FrameTransformMatrix {
                             0.993277,-0.115534, 0.007241, 0.000000,
                             0.115760, 0.991506,-0.059295, 0.000000,
                            -0.000329, 0.059734, 0.998214, 0.000000,
                             0.198592, 3.214553,-0.152297, 1.000000;;
                          }
                          Frame Character1_Reference_Character1_LeftHandThumb3 {
                            FrameTransformMatrix {
                               0.997239, 0.074232,-0.002057, 0.000000,
                              -0.074260, 0.996800,-0.029568, 0.000000,
                              -0.000144, 0.029639, 0.999561, 0.000000,
                              -0.100341, 1.756614,-0.008471, 1.000000;;
                            }
                            Frame Character1_Reference_Character1_LeftHandThumb4 {
                              FrameTransformMatrix {
                                 0.997324, 0.051717, 0.051669, 0.000000,
                                -0.052806, 0.998406, 0.019931, 0.000000,
                                -0.050556,-0.022606, 0.998465, 0.000000,
                                -0.114391, 2.630437, 0.057089, 1.000000;;
                              }
                            } // End of Character1_Reference_Character1_LeftHandThumb4
                          } // End of Character1_Reference_Character1_LeftHandThumb3
                        } // End of Character1_Reference_Character1_LeftHandThumb2
                      } // End of Character1_Reference_Character1_LeftHandThumb1
                    } // End of Character1_Reference_Character1_LeftHand
                    Frame Character1_Reference_J_L_Sode_A00 {
                      FrameTransformMatrix {
                         0.977923,-0.175625, 0.113238, 0.000000,
                         0.153062, 0.970933, 0.184015, 0.000000,
                        -0.142264,-0.162620, 0.976379, 0.000000,
                         3.601033, 4.704525,-0.102930, 1.000000;;
                      }
                      Frame Character1_Reference_J_L_Sode_A01 {
                        FrameTransformMatrix {
                          -0.066266, 0.000000,-0.997802, 0.000000,
                          -0.000000, 1.000000, 0.000000, 0.000000,
                           0.997802, 0.000000,-0.066266, 0.000000,
                          -1.089506,14.825146,-1.834205, 1.000000;;
                        }
                      } // End of Character1_Reference_J_L_Sode_A01
                    } // End of Character1_Reference_J_L_Sode_A00
                    Frame Character1_Reference_J_L_Sode_B00 {
                      FrameTransformMatrix {
                         0.000346,-0.101193, 0.994867, 0.000000,
                        -0.001060, 0.994866, 0.101193, 0.000000,
                        -0.999999,-0.001090, 0.000237, 0.000000,
                         0.025279, 4.425110, 3.773070, 1.000000;;
                      }
                      Frame Character1_Reference_J_L_Sode_B01 {
                        FrameTransformMatrix {
                           1.000000,-0.000000,-0.000000, 0.000000,
                           0.000000, 1.000000,-0.000000, 0.000000,
                           0.000000, 0.000000, 1.000000, 0.000000,
                           0.000002,15.087292,-0.000000, 1.000000;;
                        }
                      } // End of Character1_Reference_J_L_Sode_B01
                    } // End of Character1_Reference_J_L_Sode_B00
                    Frame Character1_Reference_J_L_Sode_C00 {
                      FrameTransformMatrix {
                        -0.963229,-0.268402, 0.012301, 0.000000,
                        -0.268683, 0.962238,-0.043661, 0.000000,
                        -0.000118,-0.045361,-0.998971, 0.000000,
                        -4.891025, 4.139003,-1.278871, 1.000000;;
                      }
                      Frame Character1_Reference_J_L_Sode_C01 {
                        FrameTransformMatrix {
                           1.000000,-0.000000,-0.000000, 0.000000,
                           0.000000, 1.000000, 0.000000, 0.000000,
                           0.000000,-0.000000, 1.000000, 0.000000,
                          -0.000001,16.287884,-0.000002, 1.000000;;
                        }
                      } // End of Character1_Reference_J_L_Sode_C01
                    } // End of Character1_Reference_J_L_Sode_C00
                    Frame Character1_Reference_J_L_Sode_D00 {
                      FrameTransformMatrix {
                         0.243524,-0.157313,-0.957052, 0.000000,
                        -0.114323, 0.975224,-0.189390, 0.000000,
                         0.963134, 0.155534, 0.219506, 0.000000,
                         0.271871, 4.395503,-3.898791, 1.000000;;
                      }
                      Frame Character1_Reference_J_L_Sode_D01 {
                        FrameTransformMatrix {
                           1.000000, 0.000000, 0.000000, 0.000000,
                          -0.000000, 1.000000, 0.000000, 0.000000,
                          -0.000000,-0.000000, 1.000000, 0.000000,
                          -0.081641,14.457128, 0.739905, 1.000000;;
                        }
                      } // End of Character1_Reference_J_L_Sode_D01
                    } // End of Character1_Reference_J_L_Sode_D00
                  } // End of Character1_Reference_Character1_LeftForeArm
                } // End of Character1_Reference_Character1_LeftArm
              } // End of Character1_Reference_Character1_LeftShoulder
              Frame Character1_Reference_Character1_Neck {
                FrameTransformMatrix {
                   0.935579,-0.352860,-0.013464, 0.000000,
                   0.352807, 0.935676,-0.006195, 0.000000,
                   0.014784, 0.001045, 0.999890, 0.000000,
                   0.829841,15.685142,-0.028669, 1.000000;;
                }
                Frame Character1_Reference_Character1_Head {
                  FrameTransformMatrix {
                     0.982578, 0.181133,-0.041604, 0.000000,
                    -0.180625, 0.983427, 0.015702, 0.000000,
                     0.043758,-0.007914, 0.999011, 0.000000,
                    -0.553454, 7.808324, 0.000000, 1.000000;;
                  }
                  Frame Character1_Reference_J_L_HairFront_00 {
                    FrameTransformMatrix {
                       0.992735, 0.089408,-0.080451, 0.000000,
                       0.094210,-0.993862, 0.057982, 0.000000,
                      -0.074781,-0.065142,-0.995068, 0.000000,
                      11.062725,11.835337, 0.064682, 1.000000;;
                    }
                    Frame Character1_Reference_J_L_HairFront_01 {
                      FrameTransformMatrix {
                         0.985627, 0.113559,-0.125074, 0.000000,
                        -0.139233, 0.965344,-0.220738, 0.000000,
                         0.095673, 0.234979, 0.967280, 0.000000,
                        -0.055598, 8.693601, 0.224344, 1.000000;;
                      }
                    } // End of Character1_Reference_J_L_HairFront_01
                  } // End of Character1_Reference_J_L_HairFront_00
                  Frame Character1_Reference_J_L_HairSide_00 {
                    FrameTransformMatrix {
                       0.950380,-0.310721,-0.015151, 0.000000,
                      -0.299829,-0.901905,-0.310917, 0.000000,
                       0.082943, 0.300033,-0.950316, 0.000000,
                       8.420382, 9.528878,-8.411825, 1.000000;;
                    }
                    Frame Character1_Reference_J_L_HairSide_01 {
                      FrameTransformMatrix {
                         0.999773,-0.013255,-0.016694, 0.000000,
                         0.011631, 0.995514,-0.093894, 0.000000,
                         0.017863, 0.093679, 0.995442, 0.000000,
                         0.000002, 7.190706,-0.000002, 1.000000;;
                      }
                      Frame Character1_Reference_J_L_HairSide_02 {
                        FrameTransformMatrix {
                           0.421819,-0.163832, 0.891755, 0.000000,
                           0.311798, 0.949765, 0.027002, 0.000000,
                          -0.851382, 0.266657, 0.451711, 0.000000,
                           0.000005, 7.073255, 0.000001, 1.000000;;
                        }
                      } // End of Character1_Reference_J_L_HairSide_02
                    } // End of Character1_Reference_J_L_HairSide_01
                  } // End of Character1_Reference_J_L_HairSide_00
                  Frame Character1_Reference_J_L_HairTail_00 {
                    FrameTransformMatrix {
                      -0.933315, 0.359058, 0.000446, 0.000000,
                      -0.352701,-0.916557,-0.188479, 0.000000,
                      -0.067266,-0.176068, 0.982077, 0.000000,
                      -6.754831, 3.154413,-6.546030, 1.000000;;
                    }
                    Frame Character1_Reference_J_L_HairTail_01 {
                      FrameTransformMatrix {
                         0.999985, 0.005479, 0.000245, 0.000000,
                        -0.005479, 0.999984,-0.001051, 0.000000,
                        -0.000251, 0.001050, 0.999999, 0.000000,
                         0.000004,11.597679,-0.000001, 1.000000;;
                      }
                      Frame Character1_Reference_J_L_HairTail_02 {
                        FrameTransformMatrix {
                           0.999177, 0.039788, 0.007817, 0.000000,
                          -0.039438, 0.998389,-0.040784, 0.000000,
                          -0.009427, 0.040443, 0.999137, 0.000000,
                           0.000001,13.655775, 0.000001, 1.000000;;
                        }
                        Frame Character1_Reference_J_L_HairTail_03 {
                          FrameTransformMatrix {
                             0.998774, 0.048556,-0.009637, 0.000000,
                            -0.047794, 0.996552, 0.067822, 0.000000,
                             0.012896,-0.067278, 0.997651, 0.000000,
                             0.000000,13.229276,-0.000007, 1.000000;;
                          }
                          Frame Character1_Reference_J_L_HairTail_04 {
                            FrameTransformMatrix {
                               0.992996, 0.118062,-0.004417, 0.000000,
                              -0.114959, 0.974172, 0.194355, 0.000000,
                               0.027248,-0.192486, 0.980921, 0.000000,
                              -0.000000,13.752598,-0.000001, 1.000000;;
                            }
                            Frame Character1_Reference_J_L_HairTail_05 {
                              FrameTransformMatrix {
                                 0.997846, 0.065590, 0.001043, 0.000000,
                                -0.065594, 0.997472, 0.027322, 0.000000,
                                 0.000752,-0.027332, 0.999626, 0.000000,
                                 0.000001,14.597840,-0.000000, 1.000000;;
                              }
                              Frame Character1_Reference_J_L_HairTail_06 {
                                FrameTransformMatrix {
                                   1.000000,-0.000000,-0.000000, 0.000000,
                                   0.000000, 1.000000,-0.000000, 0.000000,
                                   0.000000, 0.000000, 1.000000, 0.000000,
                                   0.000002,15.477870, 0.000000, 1.000000;;
                                }
                              } // End of Character1_Reference_J_L_HairTail_06
                            } // End of Character1_Reference_J_L_HairTail_05
                          } // End of Character1_Reference_J_L_HairTail_04
                        } // End of Character1_Reference_J_L_HairTail_03
                      } // End of Character1_Reference_J_L_HairTail_02
                    } // End of Character1_Reference_J_L_HairTail_01
                  } // End of Character1_Reference_J_L_HairTail_00
                  Frame Character1_Reference_J_L_HeadRibbon_00 {
                    FrameTransformMatrix {
                       0.810834, 0.503599,-0.298222, 0.000000,
                      -0.584647, 0.720551,-0.372820, 0.000000,
                       0.027133, 0.476649, 0.878675, 0.000000,
                       8.956382,17.970787,-4.141203, 1.000000;;
                    }
                    Frame Character1_Reference_J_L_HeadRibbon_01 {
                      FrameTransformMatrix {
                         0.353232,-0.293817,-0.888200, 0.000000,
                        -0.629008, 0.628190,-0.457959, 0.000000,
                         0.692514, 0.720450, 0.037084, 0.000000,
                         0.000000, 8.505333, 0.000003, 1.000000;;
                      }
                      Frame Character1_Reference_J_L_HeadRibbon_02 {
                        FrameTransformMatrix {
                          -0.475338,-0.259288, 0.840728, 0.000000,
                          -0.273473, 0.951794, 0.138923, 0.000000,
                          -0.836221,-0.163881,-0.523333, 0.000000,
                           0.000001,14.172976, 0.000019, 1.000000;;
                        }
                      } // End of Character1_Reference_J_L_HeadRibbon_02
                    } // End of Character1_Reference_J_L_HeadRibbon_01
                  } // End of Character1_Reference_J_L_HeadRibbon_00
                  Frame Character1_Reference_J_R_HairFront_00 {
                    FrameTransformMatrix {
                       0.922756, 0.244274, 0.298087, 0.000000,
                       0.200582,-0.964858, 0.169752, 0.000000,
                       0.329080,-0.096848,-0.939324, 0.000000,
                      10.995260,11.864683, 0.727658, 1.000000;;
                    }
                    Frame Character1_Reference_J_R_HairFront_01 {
                      FrameTransformMatrix {
                         0.994576, 0.018302, 0.102392, 0.000000,
                        -0.020636, 0.999550, 0.021781, 0.000000,
                        -0.101947,-0.023776, 0.994506, 0.000000,
                        -0.004748, 6.283819, 0.148961, 1.000000;;
                      }
                    } // End of Character1_Reference_J_R_HairFront_01
                  } // End of Character1_Reference_J_R_HairFront_00
                  Frame Character1_Reference_J_R_HairSide_00 {
                    FrameTransformMatrix {
                       0.945426,-0.308849, 0.103840, 0.000000,
                      -0.325812,-0.892101, 0.313054, 0.000000,
                      -0.004051,-0.329801,-0.944042, 0.000000,
                       7.704451, 9.799055, 8.779542, 1.000000;;
                    }
                    Frame Character1_Reference_J_R_HairSide_01 {
                      FrameTransformMatrix {
                         0.999773,-0.013259, 0.016693, 0.000000,
                         0.011635, 0.995514, 0.093892, 0.000000,
                        -0.017863,-0.093676, 0.995442, 0.000000,
                         0.000001, 7.190771, 0.000002, 1.000000;;
                      }
                      Frame Character1_Reference_J_R_HairSide_02 {
                        FrameTransformMatrix {
                          -0.280643,-0.058893,-0.958004, 0.000000,
                           0.350049, 0.923088,-0.159292, 0.000000,
                           0.893703,-0.380053,-0.238443, 0.000000,
                           0.000003, 7.073506, 0.000002, 1.000000;;
                        }
                      } // End of Character1_Reference_J_R_HairSide_02
                    } // End of Character1_Reference_J_R_HairSide_01
                  } // End of Character1_Reference_J_R_HairSide_00
                  Frame Character1_Reference_J_R_HairTail_00 {
                    FrameTransformMatrix {
                      -0.929577, 0.357650,-0.089294, 0.000000,
                      -0.368348,-0.910650, 0.187182, 0.000000,
                      -0.014370, 0.206891, 0.978258, 0.000000,
                      -7.271499, 3.349173, 5.859686, 1.000000;;
                    }
                    Frame Character1_Reference_J_R_HairTail_01 {
                      FrameTransformMatrix {
                         0.999985, 0.005489,-0.000242, 0.000000,
                        -0.005489, 0.999984, 0.001036, 0.000000,
                         0.000248,-0.001035, 0.999999, 0.000000,
                        -0.000001,11.597525,-0.000000, 1.000000;;
                      }
                      Frame Character1_Reference_J_R_HairTail_02 {
                        FrameTransformMatrix {
                           0.999178, 0.039778,-0.007820, 0.000000,
                          -0.039427, 0.998390, 0.040792, 0.000000,
                           0.009430,-0.040450, 0.999137, 0.000000,
                          -0.000004,13.656145, 0.000001, 1.000000;;
                        }
                        Frame Character1_Reference_J_R_HairTail_03 {
                          FrameTransformMatrix {
                             0.998774, 0.048558, 0.009636, 0.000000,
                            -0.047796, 0.996552,-0.067818, 0.000000,
                            -0.012896, 0.067274, 0.997651, 0.000000,
                            -0.000001,13.228865,-0.000002, 1.000000;;
                          }
                          Frame Character1_Reference_J_R_HairTail_04 {
                            FrameTransformMatrix {
                               0.992997, 0.118060, 0.004410, 0.000000,
                              -0.114958, 0.974170,-0.194366, 0.000000,
                              -0.027243, 0.192497, 0.980919, 0.000000,
                               0.000000,13.752578, 0.000002, 1.000000;;
                            }
                            Frame Character1_Reference_J_R_HairTail_05 {
                              FrameTransformMatrix {
                                 0.997846, 0.065590,-0.001009, 0.000000,
                                -0.065593, 0.997472,-0.027321, 0.000000,
                                -0.000785, 0.027328, 0.999626, 0.000000,
                                 0.000001,14.597896, 0.000000, 1.000000;;
                              }
                              Frame Character1_Reference_J_R_HairTail_06 {
                                FrameTransformMatrix {
                                   1.000000,-0.000000,-0.000023, 0.000000,
                                   0.000000, 1.000000, 0.000000, 0.000000,
                                   0.000023,-0.000000, 1.000000, 0.000000,
                                   0.000001,15.477820,-0.000001, 1.000000;;
                                }
                              } // End of Character1_Reference_J_R_HairTail_06
                            } // End of Character1_Reference_J_R_HairTail_05
                          } // End of Character1_Reference_J_R_HairTail_04
                        } // End of Character1_Reference_J_R_HairTail_03
                      } // End of Character1_Reference_J_R_HairTail_02
                    } // End of Character1_Reference_J_R_HairTail_01
                  } // End of Character1_Reference_J_R_HairTail_00
                  Frame Character1_Reference_J_R_HeadRibbon_00 {
                    FrameTransformMatrix {
                       0.783917, 0.513754, 0.348614, 0.000000,
                      -0.612646, 0.731155, 0.300130, 0.000000,
                      -0.100698,-0.448854, 0.887914, 0.000000,
                       8.604574,18.103245, 4.305516, 1.000000;;
                    }
                    Frame Character1_Reference_J_R_HeadRibbon_01 {
                      FrameTransformMatrix {
                         0.353242,-0.293791, 0.888204, 0.000000,
                        -0.629027, 0.628178, 0.457949, 0.000000,
                        -0.692492,-0.720471, 0.037096, 0.000000,
                         0.000026, 8.505590, 0.000002, 1.000000;;
                      }
                      Frame Character1_Reference_J_R_HeadRibbon_02 {
                        FrameTransformMatrix {
                           0.851551, 0.246272, 0.462830, 0.000000,
                          -0.164406, 0.963713,-0.210305, 0.000000,
                          -0.497828, 0.102993, 0.861139, 0.000000,
                           0.000003,14.172888, 0.000024, 1.000000;;
                        }
                      } // End of Character1_Reference_J_R_HeadRibbon_02
                    } // End of Character1_Reference_J_R_HeadRibbon_01
                  } // End of Character1_Reference_J_R_HeadRibbon_00
                } // End of Character1_Reference_Character1_Head
              } // End of Character1_Reference_Character1_Neck
              Frame Character1_Reference_Character1_RightShoulder {
                FrameTransformMatrix {
                   0.950483,-0.310475,-0.013729, 0.000000,
                   0.014790, 0.001066, 0.999890, 0.000000,
                  -0.310426,-0.950581, 0.005606, 0.000000,
                  -0.014983,12.245489, 4.199368, 1.000000;;
                }
                Frame Character1_Reference_Character1_RightArm {
                  FrameTransformMatrix {
                     0.999999,-0.001391,-0.000004, 0.000000,
                     0.001391, 0.999985, 0.005276, 0.000000,
                    -0.000004,-0.005276, 0.999986, 0.000000,
                    -0.000005, 5.543742, 0.000101, 1.000000;;
                  }
                  Frame Character1_Reference_Character1_RightForeArm {
                    FrameTransformMatrix {
                       1.000000,-0.000841,-0.000249, 0.000000,
                       0.000842, 0.999997, 0.002071, 0.000000,
                       0.000247,-0.002072, 0.999998, 0.000000,
                       0.000864,23.377926, 0.000730, 1.000000;;
                    }
                    Frame Character1_Reference_Character1_RightHand {
                      FrameTransformMatrix {
                         0.999994, 0.001293,-0.003224, 0.000000,
                        -0.000728, 0.985508, 0.169629, 0.000000,
                         0.003396,-0.169625, 0.985503, 0.000000,
                        -0.000034,16.248053,-0.000176, 1.000000;;
                      }
                      Frame Character1_Reference_Character1_RightHandIndex1 {
                        FrameTransformMatrix {
                          -0.987118, 0.045004, 0.153535, 0.000000,
                           0.032040, 0.995789,-0.085888, 0.000000,
                          -0.156754,-0.079862,-0.984403, 0.000000,
                           2.477357, 7.745887,-2.387739, 1.000000;;
                        }
                        Frame Character1_Reference_Character1_RightHandIndex2 {
                          FrameTransformMatrix {
                             0.998422, 0.000289, 0.056158, 0.000000,
                             0.003515, 0.997705,-0.067616, 0.000000,
                            -0.056049, 0.067707, 0.996130, 0.000000,
                            -0.223006, 2.423304, 0.200874, 1.000000;;
                          }
                          Frame Character1_Reference_Character1_RightHandIndex3 {
                            FrameTransformMatrix {
                               0.996930,-0.014889, 0.076866, 0.000000,
                               0.012665, 0.999489, 0.029344, 0.000000,
                              -0.077264,-0.028281, 0.996610, 0.000000,
                               0.000118, 1.588621, 0.264205, 1.000000;;
                            }
                            Frame Character1_Reference_Character1_RightHandIndex4 {
                              FrameTransformMatrix {
                                 0.992359, 0.012524,-0.122745, 0.000000,
                                 0.015632, 0.974056, 0.225767, 0.000000,
