xof 0303txt 0032

template XSkinMeshHeader {
  <3cf169ce-ff7c-44ab-93c0-f78f62d172e2>
  WORD nMaxSkinWeightsPerVertex;
  WORD nMaxSkinWeightsPerFace;
  WORD nBones;
}

template SkinWeights {
  <6f0d123b-bad2-4167-a0d0-80224f25fabb>
  STRING transformNodeName;
  DWORD nWeights;
  array DWORD vertexIndices[nWeights];
  array float weights[nWeights];
  Matrix4x4 matrixOffset;
}

Frame Root {
  FrameTransformMatrix {
     1.000000, 0.000000, 0.000000, 0.000000,
     0.000000,-0.000000,-1.000000, 0.000000,
     0.000000, 1.000000,-0.000000, 0.000000,
     0.000000, 0.000000, 0.000000, 1.000000;;
  }
  Frame Armature {
    FrameTransformMatrix {
       0.010000, 0.000000, 0.000000, 0.000000,
       0.000000,-0.000000, 0.010000, 0.000000,
       0.000000,-0.010000,-0.000000, 0.000000,
       0.000000, 0.000000, 0.000000, 1.000000;;
    }
    Frame Armature_mixamorig_Hips {
      FrameTransformMatrix {
         0.946151,-0.196659, 0.257145, 0.000000,
         0.087525, 0.920146, 0.381667, 0.000000,
        -0.311669,-0.338609, 0.887810, 0.000000,
        -0.063950,84.746666, 2.838136, 1.000000;;
      }
      Frame Armature_mixamorig_LeftUpLeg {
        FrameTransformMatrix {
          -0.947883,-0.107211, 0.300087, 0.000000,
           0.316198,-0.200638, 0.927380, 0.000000,
          -0.039210, 0.973782, 0.224133, 0.000000,
           9.688803,-5.685190,-1.688598, 1.000000;;
        }
        Frame Armature_mixamorig_LeftLeg {
          FrameTransformMatrix {
             0.999810,-0.014146,-0.013431, 0.000000,
            -0.019242,-0.602191,-0.798120, 0.000000,
             0.003202, 0.798227,-0.602349, 0.000000,
             0.000000,43.167992, 0.000006, 1.000000;;
          }
          Frame Armature_mixamorig_LeftFoot {
            FrameTransformMatrix {
               0.960336, 0.267054, 0.080232, 0.000000,
              -0.263714, 0.776321, 0.572521, 0.000000,
               0.090608,-0.570971, 0.815955, 0.000000,
               0.000000,40.817535,-0.000001, 1.000000;;
            }
            Frame Armature_mixamorig_LeftToeBase {
              FrameTransformMatrix {
                 0.999326,-0.036221, 0.006050, 0.000000,
                 0.008271, 0.382503, 0.923917, 0.000000,
                -0.035779,-0.923244, 0.382545, 0.000000,
                -0.000001,17.999464,-0.000001, 1.000000;;
              }
              Frame Armature_mixamorig_LeftToe_End {
                FrameTransformMatrix {
                   1.000000,-0.000000, 0.000000, 0.000000,
                  -0.000000, 1.000000,-0.000000, 0.000000,
                   0.000000, 0.000000, 1.000000, 0.000000,
                   0.000000,13.765996, 0.000000, 1.000000;;
                }
              } // End of Armature_mixamorig_LeftToe_End
            } // End of Armature_mixamorig_LeftToeBase
          } // End of Armature_mixamorig_LeftFoot
        } // End of Armature_mixamorig_LeftLeg
      } // End of Armature_mixamorig_LeftUpLeg
      Frame Armature_mixamorig_RightUpLeg {
        FrameTransformMatrix {
          -0.995533,-0.085275, 0.040535, 0.000000,
           0.094080,-0.859525, 0.502343, 0.000000,
          -0.007997, 0.503929, 0.863670, 0.000000,
          -9.688800,-5.685093,-1.688600, 1.000000;;
        }
        Frame Armature_mixamorig_RightLeg {
          FrameTransformMatrix {
             0.988606, 0.079960, 0.127531, 0.000000,
             0.083624, 0.412722,-0.907010, 0.000000,
            -0.125160, 0.907341, 0.401333, 0.000000,
            -0.000001,43.168003, 0.000000, 1.000000;;
          }
          Frame Armature_mixamorig_RightFoot {
            FrameTransformMatrix {
               0.997103, 0.066245,-0.037365, 0.000000,
               0.017392, 0.279674, 0.959938, 0.000000,
               0.074041,-0.957807, 0.277712, 0.000000,
              -0.000001,40.817738,-0.000003, 1.000000;;
            }
            Frame Armature_mixamorig_RightToeBase {
              FrameTransformMatrix {
                 0.999191, 0.039553,-0.007273, 0.000000,
                -0.004987, 0.301312, 0.953512, 0.000000,
                 0.039906,-0.952705, 0.301266, 0.000000,
                 0.000001,18.000139,-0.000000, 1.000000;;
              }
              Frame Armature_mixamorig_RightToe_End {
                FrameTransformMatrix {
                   1.000000,-0.000000,-0.000000, 0.000000,
                   0.000000, 1.000000, 0.000000, 0.000000,
                   0.000000,-0.000000, 1.000000, 0.000000,
                   0.000001,13.768773,-0.000000, 1.000000;;
                }
              } // End of Armature_mixamorig_RightToe_End
            } // End of Armature_mixamorig_RightToeBase
          } // End of Armature_mixamorig_RightFoot
        } // End of Armature_mixamorig_RightLeg
      } // End of Armature_mixamorig_RightUpLeg
      Frame Armature_mixamorig_Spine {
        FrameTransformMatrix {
           0.974412, 0.101031,-0.200786, 0.000000,
          -0.059809, 0.977627, 0.201666, 0.000000,
           0.216668,-0.184497, 0.958653, 0.000000,
           0.004702, 5.245306, 0.258802, 1.000000;;
        }
        Frame Armature_mixamorig_Spine1 {
          FrameTransformMatrix {
             0.998511, 0.016889,-0.051872, 0.000000,
            -0.019509, 0.998537,-0.050422, 0.000000,
             0.050944, 0.051359, 0.997380, 0.000000,
            -0.000000,11.066902,-0.000001, 1.000000;;
          }
          Frame Armature_mixamorig_Spine2 {
            FrameTransformMatrix {
               0.998552, 0.020093,-0.049897, 0.000000,
              -0.012171, 0.987953, 0.154272, 0.000000,
               0.052396,-0.153442, 0.986768, 0.000000,
               0.000000, 8.141884, 0.000000, 1.000000;;
            }
            Frame Armature_mixamorig_LeftShoulder {
              FrameTransformMatrix {
                -0.058914, 0.014039,-0.998164, 0.000000,
                 0.918535,-0.390805,-0.059710, 0.000000,
                -0.390926,-0.920366, 0.010129, 0.000000,
                 6.339200,14.952885,-4.642901, 1.000000;;
              }
              Frame Armature_mixamorig_LeftArm {
                FrameTransformMatrix {
                   0.712978,-0.384004,-0.586688, 0.000000,
                   0.697169, 0.477657, 0.534602, 0.000000,
                   0.074946,-0.790180, 0.608275, 0.000000,
                  -0.000003, 9.143692, 0.000001, 1.000000;;
                }
                Frame Armature_mixamorig_LeftForeArm {
                  FrameTransformMatrix {
                     0.412266, 0.911063,-0.000000, 0.000000,
                    -0.911063, 0.412266,-0.000000, 0.000000,
                     0.000000, 0.000000, 1.000000, 0.000000,
                     0.000007,24.573914, 0.000000, 1.000000;;
                  }
                  Frame Armature_mixamorig_LeftHand {
                    FrameTransformMatrix {
                       0.940212, 0.195702,-0.278751, 0.000000,
                      -0.275383, 0.918406,-0.284068, 0.000000,
                       0.200413, 0.343848, 0.917389, 0.000000,
                      -0.000001,23.096601, 0.000003, 1.000000;;
                    }
                    Frame Armature_mixamorig_LeftHandIndex1 {
                      FrameTransformMatrix {
                         0.981903, 0.176189, 0.069450, 0.000000,
                        -0.187790, 0.858361, 0.477442, 0.000000,
                         0.024507,-0.481844, 0.875914, 0.000000,
                        -2.326598,11.104500, 0.229376, 1.000000;;
                      }
                      Frame Armature_mixamorig_LeftHandIndex2 {
                        FrameTransformMatrix {
                           0.991581,-0.100082,-0.082156, 0.000000,
                           0.100082, 0.189822, 0.976704, 0.000000,
                          -0.082156,-0.976704, 0.198240, 0.000000,
                           0.000001, 2.600008, 0.000001, 1.000000;;
                        }
                        Frame Armature_mixamorig_LeftHandIndex3 {
                          FrameTransformMatrix {
                             0.998555,-0.051852,-0.014100, 0.000000,
                             0.051852, 0.860956, 0.506030, 0.000000,
                            -0.014099,-0.506030, 0.862401, 0.000000,
                            -0.000004, 2.000103,-0.000008, 1.000000;;
                          }
                          Frame Armature_mixamorig_LeftHandIndex4 {
                            FrameTransformMatrix {
                               1.000000, 0.000000, 0.000000, 0.000000,
                              -0.000000, 1.000000, 0.000000, 0.000000,
                               0.000000,-0.000000, 1.000000, 0.000000,
                              -0.000005, 2.455498,-0.000009, 1.000000;;
                            }
                          } // End of Armature_mixamorig_LeftHandIndex4
                        } // End of Armature_mixamorig_LeftHandIndex3
                      } // End of Armature_mixamorig_LeftHandIndex2
                    } // End of Armature_mixamorig_LeftHandIndex1
                    Frame Armature_mixamorig_LeftHandMiddle1 {
                      FrameTransformMatrix {
                         0.996794,-0.015723, 0.078445, 0.000000,
                        -0.048321, 0.663144, 0.746930, 0.000000,
                        -0.063764,-0.748326, 0.660259, 0.000000,
                         0.000001,11.447601,-0.000109, 1.000000;;
                      }
                      Frame Armature_mixamorig_LeftHandMiddle2 {
                        FrameTransformMatrix {
                           0.993797,-0.093289,-0.060534, 0.000000,
                           0.093289, 0.403047, 0.910412, 0.000000,
                          -0.060533,-0.910412, 0.409250, 0.000000,
                          -0.000001, 2.899993,-0.000005, 1.000000;;
                        }
                        Frame Armature_mixamorig_LeftHandMiddle3 {
                          FrameTransformMatrix {
                             0.998255,-0.056544,-0.017031, 0.000000,
                             0.056544, 0.832047, 0.551816, 0.000000,
                            -0.017031,-0.551816, 0.833792, 0.000000,
                            -0.000002, 2.000015,-0.000009, 1.000000;;
                          }
                          Frame Armature_mixamorig_LeftHandMiddle4 {
                            FrameTransformMatrix {
                               1.000000, 0.000000, 0.000000, 0.000000,
                               0.000000, 1.000000, 0.000000, 0.000000,
                               0.000000, 0.000000, 1.000000, 0.000000,
                              -0.000004, 2.285008,-0.000002, 1.000000;;
                            }
                          } // End of Armature_mixamorig_LeftHandMiddle4
                        } // End of Armature_mixamorig_LeftHandMiddle3
                      } // End of Armature_mixamorig_LeftHandMiddle2
                    } // End of Armature_mixamorig_LeftHandMiddle1
                    Frame Armature_mixamorig_LeftHandPinky1 {
                      FrameTransformMatrix {
                         0.996531,-0.078065, 0.028834, 0.000000,
                         0.017497, 0.535285, 0.844490, 0.000000,
                        -0.081359,-0.841056, 0.534795, 0.000000,
                         4.027902, 9.628202, 0.341689, 1.000000;;
                      }
                      Frame Armature_mixamorig_LeftHandPinky2 {
                        FrameTransformMatrix {
                           0.995170,-0.086110,-0.047136, 0.000000,
                           0.086110, 0.535163, 0.840348, 0.000000,
                          -0.047136,-0.840348, 0.539993, 0.000000,
                           0.000000, 2.900502,-0.000000, 1.000000;;
                        }
                        Frame Armature_mixamorig_LeftHandPinky3 {
                          FrameTransformMatrix {
                             0.998232,-0.056880,-0.017255, 0.000000,
                             0.056880, 0.829841, 0.555094, 0.000000,
                            -0.017255,-0.555094, 0.831609, 0.000000,
                             0.000001, 1.297703,-0.000011, 1.000000;;
                          }
                          Frame Armature_mixamorig_LeftHandPinky4 {
                            FrameTransformMatrix {
                               1.000000, 0.000000,-0.000000, 0.000000,
                               0.000000, 1.000000, 0.000000, 0.000000,
                               0.000000, 0.000000, 1.000000, 0.000000,
                               0.000001, 2.013008, 0.000000, 1.000000;;
                            }
                          } // End of Armature_mixamorig_LeftHandPinky4
                        } // End of Armature_mixamorig_LeftHandPinky3
                      } // End of Armature_mixamorig_LeftHandPinky2
                    } // End of Armature_mixamorig_LeftHandPinky1
                    Frame Armature_mixamorig_LeftHandRing1 {
                      FrameTransformMatrix {
                         0.997280,-0.041844, 0.060684, 0.000000,
                        -0.021949, 0.617343, 0.786388, 0.000000,
                        -0.070368,-0.785580, 0.614745, 0.000000,
                         2.247302,10.605600,-0.268307, 1.000000;;
                      }
                      Frame Armature_mixamorig_LeftHandRing2 {
                        FrameTransformMatrix {
                           0.991942,-0.099334,-0.078643, 0.000000,
                           0.099334, 0.224460, 0.969407, 0.000000,
                          -0.078643,-0.969407, 0.232519, 0.000000,
                          -0.000003, 3.000107, 0.000001, 1.000000;;
                        }
                        Frame Armature_mixamorig_LeftHandRing3 {
                          FrameTransformMatrix {
                             0.998708,-0.049223,-0.012606, 0.000000,
                             0.049223, 0.875682, 0.480372, 0.000000,
                            -0.012606,-0.480372, 0.876974, 0.000000,
                            -0.000006, 2.199989, 0.000006, 1.000000;;
                          }
                          Frame Armature_mixamorig_LeftHandRing4 {
                            FrameTransformMatrix {
                               1.000000,-0.000000, 0.000000, 0.000000,
                               0.000000, 1.000000, 0.000000, 0.000000,
                              -0.000000,-0.000000, 1.000000, 0.000000,
                               0.000004, 2.186098, 0.000007, 1.000000;;
                            }
                          } // End of Armature_mixamorig_LeftHandRing4
                        } // End of Armature_mixamorig_LeftHandRing3
                      } // End of Armature_mixamorig_LeftHandRing2
                    } // End of Armature_mixamorig_LeftHandRing1
                    Frame Armature_mixamorig_LeftHandThumb1 {
                      FrameTransformMatrix {
                         0.828673, 0.550932,-0.098874, 0.000000,
                        -0.541162, 0.833704, 0.109915, 0.000000,
                         0.142987,-0.037577, 0.989011, 0.000000,
                        -2.005499, 3.660306, 1.518502, 1.000000;;
                      }
                      Frame Armature_mixamorig_LeftHandThumb2 {
                        FrameTransformMatrix {
                           0.888196,-0.454379, 0.068178, 0.000000,
                           0.415649, 0.857839, 0.302240, 0.000000,
                          -0.195818,-0.240110, 0.950790, 0.000000,
                           0.000000, 3.295386, 0.000001, 1.000000;;
                        }
                        Frame Armature_mixamorig_LeftHandThumb3 {
                          FrameTransformMatrix {
                             0.903612, 0.339773,-0.260841, 0.000000,
                            -0.412523, 0.854276,-0.316287, 0.000000,
                             0.115364, 0.393404, 0.912099, 0.000000,
                            -0.000001, 3.556707,-0.000000, 1.000000;;
                          }
                          Frame Armature_mixamorig_LeftHandThumb4 {
                            FrameTransformMatrix {
                               1.000000,-0.000001, 0.000001, 0.000000,
                               0.000001, 1.000000,-0.000001, 0.000000,
                              -0.000001, 0.000001, 1.000000, 0.000000,
                               0.000001, 3.328986,-0.000002, 1.000000;;
                            }
                          } // End of Armature_mixamorig_LeftHandThumb4
                        } // End of Armature_mixamorig_LeftHandThumb3
                      } // End of Armature_mixamorig_LeftHandThumb2
                    } // End of Armature_mixamorig_LeftHandThumb1
                  } // End of Armature_mixamorig_LeftHand
                } // End of Armature_mixamorig_LeftForeArm
              } // End of Armature_mixamorig_LeftArm
            } // End of Armature_mixamorig_LeftShoulder
            Frame Armature_mixamorig_Neck {
              FrameTransformMatrix {
                 0.999269, 0.027425, 0.026620, 0.000000,
                -0.023759, 0.991304,-0.129429, 0.000000,
                -0.029938, 0.128702, 0.991231, 0.000000,
                -0.112201,18.919485,-3.736105, 1.000000;;
              }
              Frame Armature_mixamorig_Head {
                FrameTransformMatrix {
                   0.994802,-0.092577,-0.042410, 0.000000,
                   0.066506, 0.906072,-0.417863, 0.000000,
                   0.077111, 0.412871, 0.907519, 0.000000,
                   0.000000, 8.673020, 3.319291, 1.000000;;
                }
                Frame Armature_mixamorig_HeadTop_End {
                  FrameTransformMatrix {
                     1.000000, 0.000000,-0.000000, 0.000000,
                     0.000000, 1.000000,-0.000000, 0.000000,
                     0.000000, 0.000000, 1.000000, 0.000000,
                    -0.000000,18.745323, 9.371304, 1.000000;;
                  }
                } // End of Armature_mixamorig_HeadTop_End
              } // End of Armature_mixamorig_Head
            } // End of Armature_mixamorig_Neck
            Frame Armature_mixamorig_RightShoulder {
              FrameTransformMatrix {
                 0.176289,-0.002146, 0.984336, 0.000000,
                -0.857107,-0.492070, 0.152430, 0.000000,
                 0.484035,-0.870553,-0.088586, 0.000000,
                -6.339200,14.952685,-4.642902, 1.000000;;
              }
              Frame Armature_mixamorig_RightArm {
                FrameTransformMatrix {
                   0.850630,-0.392622,-0.349681, 0.000000,
                   0.508904, 0.781930, 0.360003, 0.000000,
                   0.132081,-0.484183, 0.864940, 0.000000,
                   0.000005, 9.143602, 0.000008, 1.000000;;
                }
                Frame Armature_mixamorig_RightForeArm {
                  FrameTransformMatrix {
                    -0.197519,-0.980299, 0.000001, 0.000000,
                     0.980299,-0.197519,-0.000000, 0.000000,
                     0.000000, 0.000001, 1.000000, 0.000000,
                     0.000001,24.573902, 0.000004, 1.000000;;
                  }
                  Frame Armature_mixamorig_RightHand {
                    FrameTransformMatrix {
                       0.802438,-0.163213, 0.573981, 0.000000,
                       0.246678, 0.966565,-0.070016, 0.000000,
                      -0.543363, 0.197772, 0.815870, 0.000000,
                      -0.000005,23.096605,-0.000002, 1.000000;;
                    }
                    Frame Armature_mixamorig_RightHandIndex1 {
                      FrameTransformMatrix {
                         0.996535, 0.028528,-0.078125, 0.000000,
                         0.054381, 0.487223, 0.871583, 0.000000,
                         0.062929,-0.872812, 0.483983, 0.000000,
                         2.326596,11.104401, 0.228504, 1.000000;;
                      }
                      Frame Armature_mixamorig_RightHandIndex2 {
                        FrameTransformMatrix {
                           0.996614, 0.070957, 0.041548, 0.000000,
                          -0.070957, 0.486833, 0.870608, 0.000000,
                           0.041548,-0.870608, 0.490219, 0.000000,
                          -0.000005, 2.600009, 0.000000, 1.000000;;
                        }
                        Frame Armature_mixamorig_RightHandIndex3 {
                          FrameTransformMatrix {
                             0.998814, 0.046467, 0.014555, 0.000000,
                            -0.046467, 0.820240, 0.570129, 0.000000,
                             0.014554,-0.570129, 0.821426, 0.000000,
                            -0.000002, 2.000113, 0.000001, 1.000000;;
                          }
                          Frame Armature_mixamorig_RightHandIndex4 {
                            FrameTransformMatrix {
                               1.000000, 0.000000, 0.000000, 0.000000,
                              -0.000000, 1.000000,-0.000000, 0.000000,
                               0.000000,-0.000000, 1.000000, 0.000000,
                               0.000001, 2.455498, 0.000001, 1.000000;;
                            }
                          } // End of Armature_mixamorig_RightHandIndex4
                        } // End of Armature_mixamorig_RightHandIndex3
                      } // End of Armature_mixamorig_RightHandIndex2
                    } // End of Armature_mixamorig_RightHandIndex1
                    Frame Armature_mixamorig_RightHandMiddle1 {
                      FrameTransformMatrix {
                         0.996394, 0.058284,-0.061664, 0.000000,
                         0.028964, 0.449453, 0.892834, 0.000000,
                         0.079753,-0.891401, 0.446144, 0.000000,
                        -0.000003,11.447501,-0.001495, 1.000000;;
                      }
                      Frame Armature_mixamorig_RightHandMiddle2 {
                        FrameTransformMatrix {
                           0.995452, 0.077210, 0.055802, 0.000000,
                          -0.077210, 0.310785, 0.947339, 0.000000,
                           0.055802,-0.947339, 0.315333, 0.000000,
                           0.000000, 2.899998, 0.000006, 1.000000;;
                        }
                        Frame Armature_mixamorig_RightHandMiddle3 {
                          FrameTransformMatrix {
                             0.997173, 0.066656, 0.034688, 0.000000,
                            -0.066656, 0.571562, 0.817847, 0.000000,
                             0.034688,-0.817847, 0.574389, 0.000000,
                             0.000007, 2.000012,-0.000001, 1.000000;;
                          }
                          Frame Armature_mixamorig_RightHandMiddle4 {
                            FrameTransformMatrix {
                               1.000000,-0.000000, 0.000000, 0.000000,
                               0.000000, 1.000000, 0.000000, 0.000000,
                              -0.000000,-0.000000, 1.000000, 0.000000,
                               0.000003, 2.285004, 0.000009, 1.000000;;
                            }
                          } // End of Armature_mixamorig_RightHandMiddle4
                        } // End of Armature_mixamorig_RightHandMiddle3
                      } // End of Armature_mixamorig_RightHandMiddle2
                    } // End of Armature_mixamorig_RightHandMiddle1
                    Frame Armature_mixamorig_RightHandPinky1 {
                      FrameTransformMatrix {
                         0.993834, 0.105093,-0.035336, 0.000000,
                         0.020312, 0.140732, 0.989839, 0.000000,
                         0.108998,-0.984454, 0.137730, 0.000000,
                        -4.027801, 9.628107, 0.340615, 1.000000;;
                      }
                      Frame Armature_mixamorig_RightHandPinky2 {
                        FrameTransformMatrix {
                           0.994406, 0.080286, 0.068640, 0.000000,
                          -0.080286, 0.152215, 0.985081, 0.000000,
                           0.068640,-0.985081, 0.157809, 0.000000,
                           0.000006, 2.900611, 0.000005, 1.000000;;
                        }
                        Frame Armature_mixamorig_RightHandPinky3 {
                          FrameTransformMatrix {
                             0.995506, 0.076989, 0.055139, 0.000000,
                            -0.076990, 0.318981, 0.944629, 0.000000,
                             0.055138,-0.944629, 0.323475, 0.000000,
                             0.000000, 1.297593,-0.000002, 1.000000;;
                          }
                          Frame Armature_mixamorig_RightHandPinky4 {
                            FrameTransformMatrix {
                               1.000000, 0.000000,-0.000000, 0.000000,
                               0.000000, 1.000000,-0.000000, 0.000000,
                               0.000000,-0.000000, 1.000000, 0.000000,
                               0.000004, 2.012990,-0.000004, 1.000000;;
                            }
                          } // End of Armature_mixamorig_RightHandPinky4
                        } // End of Armature_mixamorig_RightHandPinky3
                      } // End of Armature_mixamorig_RightHandPinky2
                    } // End of Armature_mixamorig_RightHandPinky1
                    Frame Armature_mixamorig_RightHandRing1 {
                      FrameTransformMatrix {
                         0.992633, 0.084439,-0.086893, 0.000000,
                         0.066150, 0.223163, 0.972534, 0.000000,
                         0.101511,-0.971117, 0.215933, 0.000000,
                        -2.247305,10.605505,-0.269488, 1.000000;;
                      }
                      Frame Armature_mixamorig_RightHandRing2 {
                        FrameTransformMatrix {
                           0.994801, 0.079383, 0.063786, 0.000000,
                          -0.079383, 0.212173, 0.974002, 0.000000,
                           0.063786,-0.974002, 0.217372, 0.000000,
                          -0.000000, 3.000112, 0.000003, 1.000000;;
                        }
                        Frame Armature_mixamorig_RightHandRing3 {
                          FrameTransformMatrix {
                             0.998138, 0.056559, 0.022849, 0.000000,
                            -0.056559, 0.717789, 0.693960, 0.000000,
                             0.022849,-0.693960, 0.719651, 0.000000,
                             0.000002, 2.199992,-0.000007, 1.000000;;
                          }
                          Frame Armature_mixamorig_RightHandRing4 {
                            FrameTransformMatrix {
                               1.000000, 0.000000, 0.000000, 0.000000,
                              -0.000000, 1.000000, 0.000000, 0.000000,
                              -0.000000,-0.000000, 1.000000, 0.000000,
                               0.000000, 2.186204,-0.000001, 1.000000;;
                            }
                          } // End of Armature_mixamorig_RightHandRing4
                        } // End of Armature_mixamorig_RightHandRing3
                      } // End of Armature_mixamorig_RightHandRing2
                    } // End of Armature_mixamorig_RightHandRing1
                    Frame Armature_mixamorig_RightHandThumb1 {
                      FrameTransformMatrix {
                         0.834702,-0.534664,-0.131932, 0.000000,
                         0.544874, 0.767060, 0.338719, 0.000000,
                        -0.079902,-0.354616, 0.931592, 0.000000,
                         2.005498, 3.660398, 1.517807, 1.000000;;
                      }
                      Frame Armature_mixamorig_RightHandThumb2 {
                        FrameTransformMatrix {
                           0.883766, 0.456784, 0.101513, 0.000000,
                          -0.467138, 0.873863, 0.134705, 0.000000,
                          -0.027177,-0.166469, 0.985672, 0.000000,
                           0.000004, 3.295510, 0.000007, 1.000000;;
                        }
                        Frame Armature_mixamorig_RightHandThumb3 {
                          FrameTransformMatrix {
                             0.929225,-0.366720, 0.045350, 0.000000,
                             0.366481, 0.898940,-0.239996, 0.000000,
                             0.047245, 0.239631, 0.969714, 0.000000,
                             0.000005, 3.556385, 0.000010, 1.000000;;
                          }
                          Frame Armature_mixamorig_RightHandThumb4 {
                            FrameTransformMatrix {
                               1.000000,-0.000000, 0.000000, 0.000000,
                               0.000000, 1.000000, 0.000000, 0.000000,
                              -0.000000,-0.000000, 1.000000, 0.000000,
                              -0.000002, 3.329097,-0.000003, 1.000000;;
                            }
                          } // End of Armature_mixamorig_RightHandThumb4
                        } // End of Armature_mixamorig_RightHandThumb3
                      } // End of Armature_mixamorig_RightHandThumb2
                    } // End of Armature_mixamorig_RightHandThumb1
                  } // End of Armature_mixamorig_RightHand
                } // End of Armature_mixamorig_RightForeArm
              } // End of Armature_mixamorig_RightArm
            } // End of Armature_mixamorig_RightShoulder
          } // End of Armature_mixamorig_Spine2
        } // End of Armature_mixamorig_Spine1
      } // End of Armature_mixamorig_Spine
    } // End of Armature_mixamorig_Hips
  } // End of Armature
} // End of Root
AnimationSet Global {
  Animation {
    {Armature}
    AnimationKey { // Rotation
      0;
      25;
      0;4;-0.707107, 0.707107, 0.000000, 0.000000;;,
      1;4;-0.707107, 0.707107, 0.000000, 0.000000;;,
      2;4;-0.707107, 0.707107, 0.000000, 0.000000;;,
      3;4;-0.707107, 0.707107, 0.000000, 0.000000;;,
      4;4;-0.707107, 0.707107, 0.000000, 0.000000;;,
      5;4;-0.707107, 0.707107, 0.000000, 0.000000;;,
      6;4;-0.707107, 0.707107, 0.000000, 0.000000;;,
      7;4;-0.707107, 0.707107, 0.000000, 0.000000;;,
      8;4;-0.707107, 0.707107, 0.000000, 0.000000;;,
      9;4;-0.707107, 0.707107, 0.000000, 0.000000;;,
      10;4;-0.707107, 0.707107, 0.000000, 0.000000;;,
      11;4;-0.707107, 0.707107, 0.000000, 0.000000;;,
      12;4;-0.707107, 0.707107, 0.000000, 0.000000;;,
      13;4;-0.707107, 0.707107, 0.000000, 0.000000;;,
      14;4;-0.707107, 0.707107, 0.000000, 0.000000;;,
      15;4;-0.707107, 0.707107, 0.000000, 0.000000;;,
      16;4;-0.707107, 0.707107, 0.000000, 0.000000;;,
      17;4;-0.707107, 0.707107, 0.000000, 0.000000;;,
      18;4;-0.707107, 0.707107, 0.000000, 0.000000;;,
      19;4;-0.707107, 0.707107, 0.000000, 0.000000;;,
      20;4;-0.707107, 0.707107, 0.000000, 0.000000;;,
      21;4;-0.707107, 0.707107, 0.000000, 0.000000;;,
      22;4;-0.707107, 0.707107, 0.000000, 0.000000;;,
      23;4;-0.707107, 0.707107, 0.000000, 0.000000;;,
      24;4;-0.707107, 0.707107, 0.000000, 0.000000;;;
    }
    AnimationKey { // Scale
      1;
      25;
      0;3; 0.010000, 0.010000, 0.010000;;,
      1;3; 0.010000, 0.010000, 0.010000;;,
      2;3; 0.010000, 0.010000, 0.010000;;,
      3;3; 0.010000, 0.010000, 0.010000;;,
      4;3; 0.010000, 0.010000, 0.010000;;,
      5;3; 0.010000, 0.010000, 0.010000;;,
      6;3; 0.010000, 0.010000, 0.010000;;,
      7;3; 0.010000, 0.010000, 0.010000;;,
      8;3; 0.010000, 0.010000, 0.010000;;,
      9;3; 0.010000, 0.010000, 0.010000;;,
      10;3; 0.010000, 0.010000, 0.010000;;,
      11;3; 0.010000, 0.010000, 0.010000;;,
      12;3; 0.010000, 0.010000, 0.010000;;,
      13;3; 0.010000, 0.010000, 0.010000;;,
      14;3; 0.010000, 0.010000, 0.010000;;,
      15;3; 0.010000, 0.010000, 0.010000;;,
      16;3; 0.010000, 0.010000, 0.010000;;,
      17;3; 0.010000, 0.010000, 0.010000;;,
      18;3; 0.010000, 0.010000, 0.010000;;,
      19;3; 0.010000, 0.010000, 0.010000;;,
      20;3; 0.010000, 0.010000, 0.010000;;,
      21;3; 0.010000, 0.010000, 0.010000;;,
      22;3; 0.010000, 0.010000, 0.010000;;,
      23;3; 0.010000, 0.010000, 0.010000;;,
      24;3; 0.010000, 0.010000, 0.010000;;;
    }
    AnimationKey { // Position
      2;
      25;
      0;3; 0.000000, 0.000000, 0.000000;;,
      1;3; 0.000000, 0.000000, 0.000000;;,
      2;3; 0.000000, 0.000000, 0.000000;;,
      3;3; 0.000000, 0.000000, 0.000000;;,
      4;3; 0.000000, 0.000000, 0.000000;;,
      5;3; 0.000000, 0.000000, 0.000000;;,
      6;3; 0.000000, 0.000000, 0.000000;;,
      7;3; 0.000000, 0.000000, 0.000000;;,
      8;3; 0.000000, 0.000000, 0.000000;;,
      9;3; 0.000000, 0.000000, 0.000000;;,
      10;3; 0.000000, 0.000000, 0.000000;;,
      11;3; 0.000000, 0.000000, 0.000000;;,
      12;3; 0.000000, 0.000000, 0.000000;;,
      13;3; 0.000000, 0.000000, 0.000000;;,
      14;3; 0.000000, 0.000000, 0.000000;;,
      15;3; 0.000000, 0.000000, 0.000000;;,
      16;3; 0.000000, 0.000000, 0.000000;;,
      17;3; 0.000000, 0.000000, 0.000000;;,
      18;3; 0.000000, 0.000000, 0.000000;;,
      19;3; 0.000000, 0.000000, 0.000000;;,
      20;3; 0.000000, 0.000000, 0.000000;;,
      21;3; 0.000000, 0.000000, 0.000000;;,
      22;3; 0.000000, 0.000000, 0.000000;;,
      23;3; 0.000000, 0.000000, 0.000000;;,
      24;3; 0.000000, 0.000000, 0.000000;;;
    }
  }
  Animation {
    {Armature_mixamorig_Hips}
    AnimationKey { // Rotation
      0;
      25;
      0;4;-0.968776, 0.185873,-0.146787,-0.073336;;,
      1;4;-0.973955, 0.183342,-0.130229,-0.028962;;,
      2;4;-0.976786, 0.195876,-0.084472, 0.019648;;,
      3;4;-0.976560, 0.208493,-0.034178, 0.041153;;,
      4;4;-0.976660, 0.212256, 0.008395, 0.031816;;,
      5;4;-0.979116, 0.199443, 0.032488, 0.022318;;,
      6;4;-0.982844, 0.177953, 0.039081, 0.028679;;,
      7;4;-0.984836, 0.164924, 0.036571, 0.039502;;,
      8;4;-0.984485, 0.160921, 0.043627, 0.054680;;,
      9;4;-0.981279, 0.165152, 0.070381, 0.069738;;,
      10;4;-0.977616, 0.170492, 0.110336, 0.055009;;,
      11;4;-0.975938, 0.169444, 0.135537, 0.021523;;,
      12;4;-0.976839, 0.173905, 0.124106,-0.011873;;,
      13;4;-0.979382, 0.181103, 0.074203,-0.050066;;,
      14;4;-0.979296, 0.187990, 0.012329,-0.074078;;,
      15;4;-0.977487, 0.197617,-0.026025,-0.069203;;,
      16;4;-0.978614, 0.193859,-0.036217,-0.058494;;,
      17;4;-0.981323, 0.181147,-0.037466,-0.052786;;,
      18;4;-0.982108, 0.174638,-0.044675,-0.054491;;,
      19;4;-0.979529, 0.175240,-0.066156,-0.073734;;,
      20;4;-0.971230, 0.189051,-0.099712,-0.105025;;,
      21;4;-0.965428, 0.198918,-0.132857,-0.103587;;,
      22;4;-0.968776, 0.185873,-0.146787,-0.073336;;,
      23;4;-0.968776, 0.185873,-0.146787,-0.073336;;,
      24;4;-0.968776, 0.185873,-0.146787,-0.073336;;;
    }
    AnimationKey { // Scale
      1;
      25;
      0;3; 1.000000, 1.000000, 1.000000;;,
      1;3; 1.000000, 1.000000, 1.000000;;,
      2;3; 1.000000, 1.000000, 1.000000;;,
      3;3; 1.000000, 1.000000, 1.000000;;,
      4;3; 1.000000, 1.000000, 1.000000;;,
      5;3; 1.000000, 1.000000, 1.000000;;,
      6;3; 1.000000, 1.000000, 1.000000;;,
      7;3; 1.000000, 1.000000, 1.000000;;,
      8;3; 1.000000, 1.000000, 1.000000;;,
      9;3; 1.000000, 1.000000, 1.000000;;,
      10;3; 1.000000, 1.000000, 1.000000;;,
      11;3; 1.000000, 1.000000, 1.000000;;,
      12;3; 1.000000, 1.000000, 1.000000;;,
      13;3; 1.000000, 1.000000, 1.000000;;,
      14;3; 1.000000, 1.000000, 1.000000;;,
      15;3; 1.000000, 1.000000, 1.000000;;,
      16;3; 1.000000, 1.000000, 1.000000;;,
      17;3; 1.000000, 1.000000, 1.000000;;,
      18;3; 1.000000, 1.000000, 1.000000;;,
      19;3; 1.000000, 1.000000, 1.000000;;,
      20;3; 1.000000, 1.000000, 1.000000;;,
      21;3; 1.000000, 1.000000, 1.000000;;,
      22;3; 1.000000, 1.000000, 1.000000;;,
      23;3; 1.000000, 1.000000, 1.000000;;,
      24;3; 1.000000, 1.000000, 1.000000;;;
    }
    AnimationKey { // Position
      2;
      25;
      0;3;-0.063950,84.746666, 2.838136;;,
      1;3; 0.365933,86.483994,17.485239;;,
      2;3; 0.686746,88.920303,32.226112;;,
      3;3; 0.816075,91.132027,46.636997;;,
      4;3; 1.048999,92.510979,60.535671;;,
      5;3; 1.297677,92.351166,73.700981;;,
      6;3; 1.493526,91.191437,86.828064;;,
      7;3; 1.653386,89.423279,99.629044;;,
      8;3; 1.963547,86.709679,111.615501;;,
      9;3; 2.108882,84.124237,123.420639;;,
      10;3; 1.832753,82.395988,137.383667;;,
      11;3; 1.658690,82.954315,153.150009;;,
      12;3; 1.616288,85.508446,169.382355;;,
      13;3; 1.465983,88.234810,185.371811;;,
      14;3; 1.264096,90.542786,200.633102;;,
      15;3; 0.947716,92.885857,215.759598;;,
      16;3; 0.847584,93.314949,229.824448;;,
      17;3; 0.935358,92.548141,244.240860;;,
      18;3; 0.813257,90.526253,259.427673;;,
      19;3; 0.370997,87.585846,274.189789;;,
      20;3; 0.010877,85.028053,287.751251;;,
      21;3;-0.092928,83.693199,302.901245;;,
      22;3;-0.063948,84.746651,320.288788;;,
      23;3;-0.063948,84.746651,320.288788;;,
      24;3;-0.063948,84.746651,320.288788;;;
    }
  }
  Animation {
    {Armature_mixamorig_Spine}
    AnimationKey { // Rotation
      0;
      25;
      0;4;-0.988773, 0.097637, 0.105548, 0.040667;;,
      1;4;-0.986768, 0.086789, 0.136942,-0.001883;;,
      2;4;-0.986001, 0.064896, 0.146789,-0.045209;;,
      3;4;-0.986979, 0.045913, 0.140748,-0.062884;;,
      4;4;-0.990524, 0.031975, 0.123726,-0.050307;;,
      5;4;-0.993307, 0.035223, 0.102499,-0.039936;;,
      6;4;-0.993443, 0.049514, 0.090548,-0.049190;;,
      7;4;-0.992452, 0.060667, 0.083464,-0.066273;;,
      8;4;-0.992031, 0.072721, 0.059668,-0.083825;;,
      9;4;-0.991494, 0.086699, 0.014483,-0.095990;;,
      10;4;-0.992243, 0.089022,-0.041737,-0.076074;;,
      11;4;-0.991054, 0.086196,-0.095419,-0.035746;;,
      12;4;-0.988441, 0.075461,-0.131468, 0.002274;;,
      13;4;-0.987695, 0.063924,-0.137303, 0.038985;;,
      14;4;-0.989181, 0.058578,-0.121307, 0.058088;;,
      15;4;-0.992159, 0.050486,-0.102131, 0.051382;;,
      16;4;-0.993628, 0.058930,-0.085928, 0.042981;;,
      17;4;-0.993744, 0.073982,-0.072142, 0.042377;;,
      18;4;-0.993886, 0.079763,-0.057712, 0.049980;;,
      19;4;-0.993637, 0.085150,-0.027016, 0.068599;;,
      20;4;-0.991358, 0.092034, 0.021824, 0.090895;;,
      21;4;-0.990497, 0.091603, 0.066235, 0.078347;;,
      22;4;-0.988773, 0.097637, 0.105548, 0.040667;;,
      23;4;-0.988773, 0.097637, 0.105548, 0.040667;;,
      24;4;-0.988773, 0.097637, 0.105548, 0.040667;;;
    }
    AnimationKey { // Scale
      1;
      25;
      0;3; 1.000000, 1.000000, 1.000000;;,
      1;3; 1.000000, 1.000000, 1.000000;;,
      2;3; 1.000000, 1.000000, 1.000000;;,
      3;3; 1.000000, 1.000000, 1.000000;;,
      4;3; 1.000000, 1.000000, 1.000000;;,
      5;3; 1.000000, 1.000000, 1.000000;;,
      6;3; 1.000000, 1.000000, 1.000000;;,
      7;3; 1.000000, 1.000000, 1.000000;;,
      8;3; 1.000000, 1.000000, 1.000000;;,
      9;3; 1.000000, 1.000000, 1.000000;;,
      10;3; 1.000000, 1.000000, 1.000000;;,
      11;3; 1.000000, 1.000000, 1.000000;;,
      12;3; 1.000000, 1.000000, 1.000000;;,
      13;3; 1.000000, 1.000000, 1.000000;;,
      14;3; 1.000000, 1.000000, 1.000000;;,
      15;3; 1.000000, 1.000000, 1.000000;;,
      16;3; 1.000000, 1.000000, 1.000000;;,
      17;3; 1.000000, 1.000000, 1.000000;;,
      18;3; 1.000000, 1.000000, 1.000000;;,
      19;3; 1.000000, 1.000000, 1.000000;;,
      20;3; 1.000000, 1.000000, 1.000000;;,
      21;3; 1.000000, 1.000000, 1.000000;;,
      22;3; 1.000000, 1.000000, 1.000000;;,
      23;3; 1.000000, 1.000000, 1.000000;;,
      24;3; 1.000000, 1.000000, 1.000000;;;
    }
    AnimationKey { // Position
      2;
      25;
      0;3; 0.004702, 5.245306, 0.258802;;,
      1;3; 0.004699, 5.245306, 0.258801;;,
      2;3; 0.004700, 5.245292, 0.258800;;,
