xof 0303txt 0032

template XSkinMeshHeader {
  <3cf169ce-ff7c-44ab-93c0-f78f62d172e2>
  WORD nMaxSkinWeightsPerVertex;
  WORD nMaxSkinWeightsPerFace;
  WORD nBones;
}

template SkinWeights {
  <6f0d123b-bad2-4167-a0d0-80224f25fabb>
  STRING transformNodeName;
  DWORD nWeights;
  array DWORD vertexIndices[nWeights];
  array float weights[nWeights];
  Matrix4x4 matrixOffset;
}

Frame Root {
  FrameTransformMatrix {
     1.000000, 0.000000, 0.000000, 0.000000,
     0.000000,-0.000000,-1.000000, 0.000000,
     0.000000, 1.000000,-0.000000, 0.000000,
     0.000000, 0.000000, 0.000000, 1.000000;;
  }
  Frame Armature {
    FrameTransformMatrix {
       0.010000, 0.000000, 0.000000, 0.000000,
       0.000000,-0.000000, 0.010000, 0.000000,
       0.000000,-0.010000,-0.000000, 0.000000,
       0.000000, 0.000000, 0.000000, 1.000000;;
    }
    Frame Armature_mixamorig_Hips {
      FrameTransformMatrix {
         0.995454,-0.073037,-0.061127, 0.000000,
         0.078406, 0.992795, 0.090613, 0.000000,
         0.054068,-0.094994, 0.994008, 0.000000,
         0.112771,94.131302, 2.555257, 1.000000;;
      }
      Frame Armature_mixamorig_LeftUpLeg {
        FrameTransformMatrix {
          -0.996664, 0.056590, 0.058826, 0.000000,
          -0.000453,-0.724434, 0.689443, 0.000000,
           0.081618, 0.687018, 0.722169, 0.000000,
           9.688801,-5.685194,-1.688600, 1.000000;;
        }
        Frame Armature_mixamorig_LeftLeg {
          FrameTransformMatrix {
             0.970396, 0.215491,-0.109071, 0.000000,
            -0.041488,-0.296161,-0.954237, 0.000000,
            -0.237932, 0.930512,-0.278453, 0.000000,
             0.000000,43.167988,-0.000002, 1.000000;;
          }
          Frame Armature_mixamorig_LeftFoot {
            FrameTransformMatrix {
               0.990905, 0.112211, 0.074276, 0.000000,
              -0.131340, 0.686314, 0.715348, 0.000000,
               0.029293,-0.718597, 0.694809, 0.000000,
              -0.000000,40.817539, 0.000002, 1.000000;;
            }
            Frame Armature_mixamorig_LeftToeBase {
              FrameTransformMatrix {
                 0.987370,-0.157841, 0.013661, 0.000000,
                 0.062128, 0.465073, 0.883090, 0.000000,
                -0.145741,-0.871088, 0.469005, 0.000000,
                 0.000002,17.999466, 0.000004, 1.000000;;
              }
              Frame Armature_mixamorig_LeftToe_End {
                FrameTransformMatrix {
                   1.000000, 0.000000,-0.000000, 0.000000,
                  -0.000000, 1.000000,-0.000000, 0.000000,
                  -0.000000,-0.000000, 1.000000, 0.000000,
                  -0.000000,13.765995, 0.000000, 1.000000;;
                }
              } // End of Armature_mixamorig_LeftToe_End
            } // End of Armature_mixamorig_LeftToeBase
          } // End of Armature_mixamorig_LeftFoot
        } // End of Armature_mixamorig_LeftLeg
      } // End of Armature_mixamorig_LeftUpLeg
      Frame Armature_mixamorig_RightUpLeg {
        FrameTransformMatrix {
          -0.989842,-0.124592,-0.068478, 0.000000,
           0.088493,-0.916925, 0.389112, 0.000000,
          -0.111274, 0.379111, 0.918596, 0.000000,
          -9.688801,-5.685102,-1.688600, 1.000000;;
        }
        Frame Armature_mixamorig_RightLeg {
          FrameTransformMatrix {
             0.999608,-0.012462, 0.025077, 0.000000,
             0.027919, 0.512976,-0.857949, 0.000000,
            -0.002172, 0.858312, 0.513123, 0.000000,
            -0.000001,43.167995,-0.000004, 1.000000;;
          }
          Frame Armature_mixamorig_RightFoot {
            FrameTransformMatrix {
               0.998180, 0.003515,-0.060202, 0.000000,
               0.050049, 0.508613, 0.859539, 0.000000,
               0.033641,-0.860988, 0.507512, 0.000000,
              -0.000000,40.817738,-0.000002, 1.000000;;
            }
            Frame Armature_mixamorig_RightToeBase {
              FrameTransformMatrix {
                 0.973201, 0.080408, 0.215439, 0.000000,
                -0.229697, 0.295524, 0.927311, 0.000000,
                 0.010896,-0.951946, 0.306073, 0.000000,
                -0.000001,18.000139,-0.000001, 1.000000;;
              }
              Frame Armature_mixamorig_RightToe_End {
                FrameTransformMatrix {
                   1.000000,-0.000000,-0.000000, 0.000000,
                   0.000000, 1.000000, 0.000000, 0.000000,
                   0.000000,-0.000000, 1.000000, 0.000000,
                   0.000000,13.768772, 0.000000, 1.000000;;
                }
              } // End of Armature_mixamorig_RightToe_End
            } // End of Armature_mixamorig_RightToeBase
          } // End of Armature_mixamorig_RightFoot
        } // End of Armature_mixamorig_RightLeg
      } // End of Armature_mixamorig_RightUpLeg
      Frame Armature_mixamorig_Spine {
        FrameTransformMatrix {
           0.998482, 0.052050,-0.017992, 0.000000,
          -0.051625, 0.998394, 0.023339, 0.000000,
           0.019178,-0.022375, 0.999566, 0.000000,
           0.004700, 5.245296, 0.258800, 1.000000;;
        }
        Frame Armature_mixamorig_Spine1 {
          FrameTransformMatrix {
             0.998355, 0.040601,-0.040488, 0.000000,
            -0.036274, 0.994081, 0.102408, 0.000000,
             0.044406,-0.100771, 0.993918, 0.000000,
             0.000000,11.066899,-0.000000, 1.000000;;
          }
          Frame Armature_mixamorig_Spine2 {
            FrameTransformMatrix {
               0.998355, 0.043368,-0.037509, 0.000000,
              -0.030016, 0.952662, 0.302548, 0.000000,
               0.048854,-0.300924, 0.952396, 0.000000,
              -0.000000, 8.141905,-0.000001, 1.000000;;
            }
            Frame Armature_mixamorig_LeftShoulder {
              FrameTransformMatrix {
                 0.016314, 0.019733,-0.999672, 0.000000,
                 0.940831,-0.338765, 0.008667, 0.000000,
                -0.338483,-0.940664,-0.024092, 0.000000,
                 6.339201,14.952887,-4.642896, 1.000000;;
              }
              Frame Armature_mixamorig_LeftArm {
                FrameTransformMatrix {
                   0.892412,-0.335030,-0.302252, 0.000000,
                   0.438187, 0.483625, 0.757693, 0.000000,
                  -0.107673,-0.808617, 0.578399, 0.000000,
                   0.000002, 9.143687,-0.000001, 1.000000;;
                }
                Frame Armature_mixamorig_LeftForeArm {
                  FrameTransformMatrix {
                    -0.240755, 0.970338, 0.021918, 0.000000,
                    -0.951158,-0.240372, 0.193704, 0.000000,
                     0.193227, 0.025788, 0.980815, 0.000000,
                     0.000008,24.573921,-0.000003, 1.000000;;
                  }
                  Frame Armature_mixamorig_LeftHand {
                    FrameTransformMatrix {
                       0.918326, 0.346007,-0.192239, 0.000000,
                      -0.348406, 0.937078, 0.022292, 0.000000,
                       0.187856, 0.046506, 0.981095, 0.000000,
                       0.000003,23.096600,-0.000004, 1.000000;;
                    }
                    Frame Armature_mixamorig_LeftHandIndex1 {
                      FrameTransformMatrix {
                         0.992388, 0.095582, 0.077650, 0.000000,
                        -0.095992, 0.205405, 0.973958, 0.000000,
                         0.077143,-0.973998, 0.213017, 0.000000,
                        -2.326600,11.104501, 0.229382, 1.000000;;
                      }
                      Frame Armature_mixamorig_LeftHandIndex2 {
                        FrameTransformMatrix {
                           0.991656, 0.072650, 0.106490, 0.000000,
                          -0.111437, 0.067829, 0.991454, 0.000000,
                           0.064806,-0.995048, 0.075359, 0.000000,
                          -0.000007, 2.600004,-0.000001, 1.000000;;
                        }
                        Frame Armature_mixamorig_LeftHandIndex3 {
                          FrameTransformMatrix {
                             1.000000,-0.000000,-0.000000, 0.000000,
                            -0.000000, 1.000000,-0.000000, 0.000000,
                             0.000000, 0.000000, 1.000000, 0.000000,
                             0.000003, 2.000101,-0.000001, 1.000000;;
                          }
                          Frame Armature_mixamorig_LeftHandIndex4 {
                            FrameTransformMatrix {
                               1.000000, 0.000000, 0.000000, 0.000000,
                               0.000000, 1.000000, 0.000000, 0.000000,
                               0.000000,-0.000000, 1.000000, 0.000000,
                               0.000003, 2.455492,-0.000000, 1.000000;;
                            }
                          } // End of Armature_mixamorig_LeftHandIndex4
                        } // End of Armature_mixamorig_LeftHandIndex3
                      } // End of Armature_mixamorig_LeftHandIndex2
                    } // End of Armature_mixamorig_LeftHandIndex1
                    Frame Armature_mixamorig_LeftHandMiddle1 {
                      FrameTransformMatrix {
                         0.994356, 0.065304, 0.083620, 0.000000,
                        -0.092428, 0.146181, 0.984930, 0.000000,
                         0.052097,-0.987100, 0.151392, 0.000000,
                        -0.000001,11.447600,-0.000109, 1.000000;;
                      }
                      Frame Armature_mixamorig_LeftHandMiddle2 {
                        FrameTransformMatrix {
                           0.991607, 0.093588, 0.089204, 0.000000,
                          -0.104585, 0.174979, 0.979002, 0.000000,
                           0.076014,-0.980114, 0.183298, 0.000000,
                           0.000003, 2.899998,-0.000001, 1.000000;;
                        }
                        Frame Armature_mixamorig_LeftHandMiddle3 {
                          FrameTransformMatrix {
                             1.000000,-0.000000,-0.000000, 0.000000,
                            -0.000000, 1.000000, 0.000000, 0.000000,
                             0.000000, 0.000000, 1.000000, 0.000000,
                            -0.000001, 2.000012,-0.000002, 1.000000;;
                          }
                          Frame Armature_mixamorig_LeftHandMiddle4 {
                            FrameTransformMatrix {
                               1.000000,-0.000000,-0.000000, 0.000000,
                              -0.000000, 1.000000, 0.000000, 0.000000,
                               0.000000, 0.000000, 1.000000, 0.000000,
                              -0.000004, 2.285004,-0.000002, 1.000000;;
                            }
                          } // End of Armature_mixamorig_LeftHandMiddle4
                        } // End of Armature_mixamorig_LeftHandMiddle3
                      } // End of Armature_mixamorig_LeftHandMiddle2
                    } // End of Armature_mixamorig_LeftHandMiddle1
                    Frame Armature_mixamorig_LeftHandPinky1 {
                      FrameTransformMatrix {
                         0.980234,-0.189732, 0.056059, 0.000000,
                        -0.061385,-0.022311, 0.997865, 0.000000,
                        -0.188077,-0.981582,-0.033517, 0.000000,
                         4.027895, 9.628200, 0.341690, 1.000000;;
                      }
                      Frame Armature_mixamorig_LeftHandPinky2 {
                        FrameTransformMatrix {
                           0.993687, 0.108237, 0.029493, 0.000000,
                          -0.025633,-0.036889, 0.998991, 0.000000,
                           0.109216,-0.993441,-0.033881, 0.000000,
                           0.000012, 2.900498, 0.000000, 1.000000;;
                        }
                        Frame Armature_mixamorig_LeftHandPinky3 {
                          FrameTransformMatrix {
                             1.000000,-0.000000, 0.000000, 0.000000,
                             0.000000, 1.000000,-0.000000, 0.000000,
                            -0.000000, 0.000000, 1.000000, 0.000000,
                            -0.000008, 1.297701,-0.000001, 1.000000;;
                          }
                          Frame Armature_mixamorig_LeftHandPinky4 {
                            FrameTransformMatrix {
                               1.000000,-0.000000, 0.000000, 0.000000,
                               0.000000, 1.000000, 0.000000, 0.000000,
                              -0.000000, 0.000000, 1.000000, 0.000000,
                               0.000001, 2.012997,-0.000002, 1.000000;;
                            }
                          } // End of Armature_mixamorig_LeftHandPinky4
                        } // End of Armature_mixamorig_LeftHandPinky3
                      } // End of Armature_mixamorig_LeftHandPinky2
                    } // End of Armature_mixamorig_LeftHandPinky1
                    Frame Armature_mixamorig_LeftHandRing1 {
                      FrameTransformMatrix {
                         0.994790,-0.079703, 0.063557, 0.000000,
                        -0.057526, 0.075811, 0.995461, 0.000000,
                        -0.084160,-0.993931, 0.070831, 0.000000,
                         2.247293,10.605599,-0.268302, 1.000000;;
                      }
                      Frame Armature_mixamorig_LeftHandRing2 {
                        FrameTransformMatrix {
                           0.995742, 0.075052, 0.053520, 0.000000,
                          -0.062873, 0.128380, 0.989730, 0.000000,
                           0.067411,-0.988881, 0.132552, 0.000000,
                           0.000010, 3.000108,-0.000000, 1.000000;;
                        }
                        Frame Armature_mixamorig_LeftHandRing3 {
                          FrameTransformMatrix {
                             1.000000, 0.000000,-0.000000, 0.000000,
                            -0.000000, 1.000000,-0.000000, 0.000000,
                             0.000000, 0.000000, 1.000000, 0.000000,
                            -0.000003, 2.199992, 0.000003, 1.000000;;
                          }
                          Frame Armature_mixamorig_LeftHandRing4 {
                            FrameTransformMatrix {
                               1.000000, 0.000000,-0.000000, 0.000000,
                               0.000000, 1.000000, 0.000000, 0.000000,
                               0.000000,-0.000000, 1.000000, 0.000000,
                               0.000000, 2.186097, 0.000002, 1.000000;;
                            }
                          } // End of Armature_mixamorig_LeftHandRing4
                        } // End of Armature_mixamorig_LeftHandRing3
                      } // End of Armature_mixamorig_LeftHandRing2
                    } // End of Armature_mixamorig_LeftHandRing1
                    Frame Armature_mixamorig_LeftHandThumb1 {
                      FrameTransformMatrix {
                         0.786584, 0.611379, 0.086610, 0.000000,
                        -0.565608, 0.657107, 0.498295, 0.000000,
                         0.247735,-0.440939, 0.862670, 0.000000,
                        -2.005500, 3.660297, 1.518502, 1.000000;;
                      }
                      Frame Armature_mixamorig_LeftHandThumb2 {
                        FrameTransformMatrix {
                           0.965723,-0.259571, 0.001652, 0.000000,
                           0.259558, 0.965710, 0.005801, 0.000000,
                          -0.003101,-0.005173, 0.999982, 0.000000,
                           0.000004, 3.295396,-0.000002, 1.000000;;
                        }
                        Frame Armature_mixamorig_LeftHandThumb3 {
                          FrameTransformMatrix {
                             1.000000, 0.000001,-0.000001, 0.000000,
                            -0.000001, 1.000000,-0.000003, 0.000000,
                             0.000001, 0.000003, 1.000000, 0.000000,
                             0.000011, 3.556712,-0.000000, 1.000000;;
                          }
                          Frame Armature_mixamorig_LeftHandThumb4 {
                            FrameTransformMatrix {
                               1.000000,-0.000001, 0.000001, 0.000000,
                               0.000001, 1.000000,-0.000001, 0.000000,
                              -0.000001, 0.000001, 1.000000, 0.000000,
                               0.000004, 3.328999, 0.000002, 1.000000;;
                            }
                          } // End of Armature_mixamorig_LeftHandThumb4
                        } // End of Armature_mixamorig_LeftHandThumb3
                      } // End of Armature_mixamorig_LeftHandThumb2
                    } // End of Armature_mixamorig_LeftHandThumb1
                  } // End of Armature_mixamorig_LeftHand
                } // End of Armature_mixamorig_LeftForeArm
              } // End of Armature_mixamorig_LeftArm
            } // End of Armature_mixamorig_LeftShoulder
            Frame Armature_mixamorig_Neck {
              FrameTransformMatrix {
                 0.998465,-0.000366, 0.055382, 0.000000,
                 0.007577, 0.991478,-0.130050, 0.000000,
                -0.054863, 0.130271, 0.989959, 0.000000,
                -0.112199,18.919495,-3.736102, 1.000000;;
              }
              Frame Armature_mixamorig_Head {
                FrameTransformMatrix {
                   0.987594,-0.057729, 0.146036, 0.000000,
                   0.090815, 0.968649,-0.231239, 0.000000,
                  -0.128108, 0.241632, 0.961874, 0.000000,
                  -0.000000, 8.673000, 3.319289, 1.000000;;
                }
                Frame Armature_mixamorig_HeadTop_End {
                  FrameTransformMatrix {
                     1.000000, 0.000000, 0.000000, 0.000000,
                     0.000000, 1.000000, 0.000000, 0.000000,
                     0.000000,-0.000000, 1.000000, 0.000000,
                    -0.000001,18.745298, 9.371299, 1.000000;;
                  }
                } // End of Armature_mixamorig_HeadTop_End
              } // End of Armature_mixamorig_Head
            } // End of Armature_mixamorig_Neck
            Frame Armature_mixamorig_RightShoulder {
              FrameTransformMatrix {
                 0.100408,-0.014337, 0.994843, 0.000000,
                -0.933734,-0.346665, 0.089245, 0.000000,
                 0.343598,-0.937879,-0.048195, 0.000000,
                -6.339200,14.952686,-4.642898, 1.000000;;
              }
              Frame Armature_mixamorig_RightArm {
                FrameTransformMatrix {
                   0.979571, 0.191997, 0.059808, 0.000000,
                  -0.179134, 0.697956, 0.693374, 0.000000,
                   0.091382,-0.689923, 0.718091, 0.000000,
                  -0.000002, 9.143601, 0.000017, 1.000000;;
                }
                Frame Armature_mixamorig_RightForeArm {
                  FrameTransformMatrix {
                     0.018780,-0.998352,-0.054221, 0.000000,
                     0.996479, 0.014257, 0.082622, 0.000000,
                    -0.081712,-0.055581, 0.995105, 0.000000,
                    -0.000009,24.573896,-0.000005, 1.000000;;
                  }
                  Frame Armature_mixamorig_RightHand {
                    FrameTransformMatrix {
                       0.994847,-0.100946,-0.009434, 0.000000,
                       0.101254, 0.993987, 0.041681, 0.000000,
                       0.005170,-0.042421, 0.999086, 0.000000,
                       0.000010,23.096609,-0.000002, 1.000000;;
                    }
                    Frame Armature_mixamorig_RightHandIndex1 {
                      FrameTransformMatrix {
                         0.996871,-0.051802, 0.059707, 0.000000,
                        -0.041869, 0.294652, 0.954687, 0.000000,
                        -0.067048,-0.954200, 0.291561, 0.000000,
                         2.326604,11.104401, 0.228498, 1.000000;;
                      }
                      Frame Armature_mixamorig_RightHandIndex2 {
                        FrameTransformMatrix {
                           0.993948,-0.051496,-0.097033, 0.000000,
                           0.095190,-0.037114, 0.994767, 0.000000,
                          -0.054827,-0.997983,-0.031988, 0.000000,
                          -0.000004, 2.600008,-0.000002, 1.000000;;
                        }
                        Frame Armature_mixamorig_RightHandIndex3 {
                          FrameTransformMatrix {
                             1.000000, 0.000000, 0.000000, 0.000000,
                            -0.000000, 1.000000, 0.000000, 0.000000,
                            -0.000000,-0.000000, 1.000000, 0.000000,
                            -0.000001, 2.000098,-0.000002, 1.000000;;
                          }
                          Frame Armature_mixamorig_RightHandIndex4 {
                            FrameTransformMatrix {
                               1.000000,-0.000000,-0.000000, 0.000000,
                              -0.000000, 1.000000, 0.000000, 0.000000,
                              -0.000000, 0.000000, 1.000000, 0.000000,
                              -0.000002, 2.455500, 0.000003, 1.000000;;
                            }
                          } // End of Armature_mixamorig_RightHandIndex4
                        } // End of Armature_mixamorig_RightHandIndex3
                      } // End of Armature_mixamorig_RightHandIndex2
                    } // End of Armature_mixamorig_RightHandIndex1
                    Frame Armature_mixamorig_RightHandMiddle1 {
                      FrameTransformMatrix {
                         0.998639,-0.035729,-0.037985, 0.000000,
                         0.044549, 0.205878, 0.977563, 0.000000,
                        -0.027107,-0.977925, 0.207190, 0.000000,
                         0.000004,11.447497,-0.001497, 1.000000;;
                      }
                      Frame Armature_mixamorig_RightHandMiddle2 {
                        FrameTransformMatrix {
                           0.993777,-0.075201,-0.082169, 0.000000,
                           0.087510, 0.070718, 0.993650, 0.000000,
                          -0.068912,-0.994658, 0.076859, 0.000000,
                           0.000005, 2.899995, 0.000003, 1.000000;;
                        }
                        Frame Armature_mixamorig_RightHandMiddle3 {
                          FrameTransformMatrix {
                             1.000000,-0.000000, 0.000000, 0.000000,
                            -0.000000, 1.000000,-0.000000, 0.000000,
                            -0.000000, 0.000000, 1.000000, 0.000000,
                            -0.000012, 2.000004,-0.000002, 1.000000;;
                          }
                          Frame Armature_mixamorig_RightHandMiddle4 {
                            FrameTransformMatrix {
                               1.000000, 0.000000,-0.000000, 0.000000,
                               0.000000, 1.000000, 0.000000, 0.000000,
                              -0.000000,-0.000000, 1.000000, 0.000000,
                              -0.000012, 2.285005,-0.000002, 1.000000;;
                            }
                          } // End of Armature_mixamorig_RightHandMiddle4
                        } // End of Armature_mixamorig_RightHandMiddle3
                      } // End of Armature_mixamorig_RightHandMiddle2
                    } // End of Armature_mixamorig_RightHandMiddle1
                    Frame Armature_mixamorig_RightHandPinky1 {
                      FrameTransformMatrix {
                         0.988105, 0.136433,-0.070955, 0.000000,
                         0.090163,-0.140198, 0.986010, 0.000000,
                         0.124576,-0.980679,-0.150832, 0.000000,
                        -4.027802, 9.628099, 0.340609, 1.000000;;
                      }
                      Frame Armature_mixamorig_RightHandPinky2 {
                        FrameTransformMatrix {
                           0.982349,-0.162066,-0.093409, 0.000000,
                           0.070617,-0.141106, 0.987473, 0.000000,
                          -0.173216,-0.976639,-0.127171, 0.000000,
                          -0.000008, 2.900602, 0.000001, 1.000000;;
                        }
                        Frame Armature_mixamorig_RightHandPinky3 {
                          FrameTransformMatrix {
                             1.000000,-0.000000,-0.000000, 0.000000,
                             0.000000, 1.000000, 0.000000, 0.000000,
                            -0.000000,-0.000000, 1.000000, 0.000000,
                             0.000003, 1.297605,-0.000001, 1.000000;;
                          }
                          Frame Armature_mixamorig_RightHandPinky4 {
                            FrameTransformMatrix {
                               1.000000,-0.000000,-0.000000, 0.000000,
                               0.000000, 1.000000, 0.000000, 0.000000,
                              -0.000000,-0.000000, 1.000000, 0.000000,
                               0.000003, 2.013000, 0.000000, 1.000000;;
                            }
                          } // End of Armature_mixamorig_RightHandPinky4
                        } // End of Armature_mixamorig_RightHandPinky3
                      } // End of Armature_mixamorig_RightHandPinky2
                    } // End of Armature_mixamorig_RightHandPinky1
                    Frame Armature_mixamorig_RightHandRing1 {
                      FrameTransformMatrix {
                         0.996613, 0.054650,-0.061450, 0.000000,
                         0.057071, 0.078377, 0.995289, 0.000000,
                         0.059209,-0.995425, 0.074993, 0.000000,
                        -2.247297,10.605503,-0.269496, 1.000000;;
                      }
                      Frame Armature_mixamorig_RightHandRing2 {
                        FrameTransformMatrix {
                           0.991551,-0.099078,-0.083723, 0.000000,
                           0.086485, 0.023909, 0.995966, 0.000000,
                          -0.096677,-0.994792, 0.032275, 0.000000,
                           0.000006, 3.000109, 0.000005, 1.000000;;
                        }
                        Frame Armature_mixamorig_RightHandRing3 {
                          FrameTransformMatrix {
                             1.000000, 0.000000,-0.000000, 0.000000,
                            -0.000000, 1.000000, 0.000000, 0.000000,
                            -0.000000,-0.000000, 1.000000, 0.000000,
                            -0.000008, 2.199985,-0.000002, 1.000000;;
                          }
                          Frame Armature_mixamorig_RightHandRing4 {
                            FrameTransformMatrix {
                               1.000000,-0.000000,-0.000000, 0.000000,
                               0.000000, 1.000000, 0.000000, 0.000000,
                              -0.000000,-0.000000, 1.000000, 0.000000,
                              -0.000004, 2.186199,-0.000001, 1.000000;;
                            }
                          } // End of Armature_mixamorig_RightHandRing4
                        } // End of Armature_mixamorig_RightHandRing3
                      } // End of Armature_mixamorig_RightHandRing2
                    } // End of Armature_mixamorig_RightHandRing1
                    Frame Armature_mixamorig_RightHandThumb1 {
                      FrameTransformMatrix {
                         0.840866,-0.540481,-0.028714, 0.000000,
                         0.464478, 0.693354, 0.550928, 0.000000,
                        -0.277857,-0.476593, 0.834059, 0.000000,
                         2.005499, 3.660396, 1.517803, 1.000000;;
                      }
                      Frame Armature_mixamorig_RightHandThumb2 {
                        FrameTransformMatrix {
                           0.977253, 0.212066,-0.002091, 0.000000,
                          -0.212068, 0.977254,-0.001151, 0.000000,
                           0.001799, 0.001568, 0.999997, 0.000000,
                          -0.000010, 3.295508, 0.000002, 1.000000;;
                        }
                        Frame Armature_mixamorig_RightHandThumb3 {
                          FrameTransformMatrix {
                             1.000000, 0.000001,-0.000001, 0.000000,
                            -0.000001, 1.000000, 0.000001, 0.000000,
                             0.000001,-0.000001, 1.000000, 0.000000,
                            -0.000005, 3.556388, 0.000001, 1.000000;;
                          }
                          Frame Armature_mixamorig_RightHandThumb4 {
                            FrameTransformMatrix {
                               1.000000,-0.000000, 0.000000, 0.000000,
                               0.000000, 1.000000, 0.000000, 0.000000,
                              -0.000000,-0.000000, 1.000000, 0.000000,
                              -0.000010, 3.329104,-0.000000, 1.000000;;
                            }
                          } // End of Armature_mixamorig_RightHandThumb4
                        } // End of Armature_mixamorig_RightHandThumb3
                      } // End of Armature_mixamorig_RightHandThumb2
                    } // End of Armature_mixamorig_RightHandThumb1
                  } // End of Armature_mixamorig_RightHand
                } // End of Armature_mixamorig_RightForeArm
              } // End of Armature_mixamorig_RightArm
            } // End of Armature_mixamorig_RightShoulder
          } // End of Armature_mixamorig_Spine2
        } // End of Armature_mixamorig_Spine1
      } // End of Armature_mixamorig_Spine
    } // End of Armature_mixamorig_Hips
  } // End of Armature
} // End of Root
AnimationSet Global {
  Animation {
    {Armature}
    AnimationKey { // Rotation
      0;
      27;
      0;4;-0.707107, 0.707107, 0.000000, 0.000000;;,
      1;4;-0.707107, 0.707107, 0.000000, 0.000000;;,
      2;4;-0.707107, 0.707107, 0.000000, 0.000000;;,
      3;4;-0.707107, 0.707107, 0.000000, 0.000000;;,
      4;4;-0.707107, 0.707107, 0.000000, 0.000000;;,
      5;4;-0.707107, 0.707107, 0.000000, 0.000000;;,
      6;4;-0.707107, 0.707107, 0.000000, 0.000000;;,
      7;4;-0.707107, 0.707107, 0.000000, 0.000000;;,
      8;4;-0.707107, 0.707107, 0.000000, 0.000000;;,
      9;4;-0.707107, 0.707107, 0.000000, 0.000000;;,
      10;4;-0.707107, 0.707107, 0.000000, 0.000000;;,
      11;4;-0.707107, 0.707107, 0.000000, 0.000000;;,
      12;4;-0.707107, 0.707107, 0.000000, 0.000000;;,
      13;4;-0.707107, 0.707107, 0.000000, 0.000000;;,
      14;4;-0.707107, 0.707107, 0.000000, 0.000000;;,
      15;4;-0.707107, 0.707107, 0.000000, 0.000000;;,
      16;4;-0.707107, 0.707107, 0.000000, 0.000000;;,
      17;4;-0.707107, 0.707107, 0.000000, 0.000000;;,
      18;4;-0.707107, 0.707107, 0.000000, 0.000000;;,
      19;4;-0.707107, 0.707107, 0.000000, 0.000000;;,
      20;4;-0.707107, 0.707107, 0.000000, 0.000000;;,
      21;4;-0.707107, 0.707107, 0.000000, 0.000000;;,
      22;4;-0.707107, 0.707107, 0.000000, 0.000000;;,
      23;4;-0.707107, 0.707107, 0.000000, 0.000000;;,
      24;4;-0.707107, 0.707107, 0.000000, 0.000000;;,
      25;4;-0.707107, 0.707107, 0.000000, 0.000000;;,
      26;4;-0.707107, 0.707107, 0.000000, 0.000000;;;
    }
    AnimationKey { // Scale
      1;
      27;
      0;3; 0.010000, 0.010000, 0.010000;;,
      1;3; 0.010000, 0.010000, 0.010000;;,
      2;3; 0.010000, 0.010000, 0.010000;;,
      3;3; 0.010000, 0.010000, 0.010000;;,
      4;3; 0.010000, 0.010000, 0.010000;;,
      5;3; 0.010000, 0.010000, 0.010000;;,
      6;3; 0.010000, 0.010000, 0.010000;;,
      7;3; 0.010000, 0.010000, 0.010000;;,
      8;3; 0.010000, 0.010000, 0.010000;;,
      9;3; 0.010000, 0.010000, 0.010000;;,
      10;3; 0.010000, 0.010000, 0.010000;;,
      11;3; 0.010000, 0.010000, 0.010000;;,
      12;3; 0.010000, 0.010000, 0.010000;;,
      13;3; 0.010000, 0.010000, 0.010000;;,
      14;3; 0.010000, 0.010000, 0.010000;;,
      15;3; 0.010000, 0.010000, 0.010000;;,
      16;3; 0.010000, 0.010000, 0.010000;;,
      17;3; 0.010000, 0.010000, 0.010000;;,
      18;3; 0.010000, 0.010000, 0.010000;;,
      19;3; 0.010000, 0.010000, 0.010000;;,
      20;3; 0.010000, 0.010000, 0.010000;;,
      21;3; 0.010000, 0.010000, 0.010000;;,
      22;3; 0.010000, 0.010000, 0.010000;;,
      23;3; 0.010000, 0.010000, 0.010000;;,
      24;3; 0.010000, 0.010000, 0.010000;;,
      25;3; 0.010000, 0.010000, 0.010000;;,
      26;3; 0.010000, 0.010000, 0.010000;;;
    }
    AnimationKey { // Position
      2;
      27;
      0;3; 0.000000, 0.000000, 0.000000;;,
      1;3; 0.000000, 0.000000, 0.000000;;,
      2;3; 0.000000, 0.000000, 0.000000;;,
      3;3; 0.000000, 0.000000, 0.000000;;,
      4;3; 0.000000, 0.000000, 0.000000;;,
      5;3; 0.000000, 0.000000, 0.000000;;,
      6;3; 0.000000, 0.000000, 0.000000;;,
      7;3; 0.000000, 0.000000, 0.000000;;,
      8;3; 0.000000, 0.000000, 0.000000;;,
      9;3; 0.000000, 0.000000, 0.000000;;,
      10;3; 0.000000, 0.000000, 0.000000;;,
      11;3; 0.000000, 0.000000, 0.000000;;,
      12;3; 0.000000, 0.000000, 0.000000;;,
      13;3; 0.000000, 0.000000, 0.000000;;,
      14;3; 0.000000, 0.000000, 0.000000;;,
      15;3; 0.000000, 0.000000, 0.000000;;,
      16;3; 0.000000, 0.000000, 0.000000;;,
      17;3; 0.000000, 0.000000, 0.000000;;,
      18;3; 0.000000, 0.000000, 0.000000;;,
      19;3; 0.000000, 0.000000, 0.000000;;,
      20;3; 0.000000, 0.000000, 0.000000;;,
      21;3; 0.000000, 0.000000, 0.000000;;,
      22;3; 0.000000, 0.000000, 0.000000;;,
      23;3; 0.000000, 0.000000, 0.000000;;,
      24;3; 0.000000, 0.000000, 0.000000;;,
      25;3; 0.000000, 0.000000, 0.000000;;,
      26;3; 0.000000, 0.000000, 0.000000;;;
    }
  }
  Animation {
    {Armature_mixamorig_Hips}
    AnimationKey { // Rotation
      0;
      27;
      0;4;-0.997780, 0.046505, 0.028863,-0.037945;;,
      1;4;-0.998359, 0.047749, 0.010735,-0.029722;;,
      2;4;-0.998652, 0.046750,-0.016687,-0.015183;;,
      3;4;-0.997545, 0.045069,-0.053146,-0.006881;;,
      4;4;-0.994299, 0.048361,-0.095021,-0.001061;;,
      5;4;-0.988169, 0.070760,-0.136035, 0.003053;;,
      6;4;-0.983091, 0.098894,-0.153471, 0.014069;;,
      7;4;-0.981685, 0.117318,-0.147138, 0.029705;;,
      8;4;-0.978277, 0.146423,-0.144637, 0.024809;;,
      9;4;-0.974026, 0.172381,-0.146015, 0.015415;;,
      10;4;-0.970306, 0.190944,-0.148083, 0.010877;;,
      11;4;-0.966589, 0.204642,-0.154297, 0.004376;;,
      12;4;-0.963736, 0.209541,-0.165199,-0.003776;;,
      13;4;-0.961772, 0.207573,-0.178216,-0.012152;;,
      14;4;-0.960398, 0.200411,-0.192487,-0.020468;;,
      15;4;-0.959615, 0.186967,-0.208326,-0.027964;;,
      16;4;-0.959038, 0.169409,-0.224512,-0.033770;;,
      17;4;-0.958344, 0.150068,-0.240014,-0.038066;;,
      18;4;-0.956872, 0.129145,-0.257206,-0.039539;;,
      19;4;-0.954415, 0.107289,-0.276046,-0.037138;;,
      20;4;-0.951546, 0.085178,-0.293485,-0.034211;;,
      21;4;-0.948210, 0.064393,-0.309507,-0.030950;;,
      22;4;-0.944592, 0.046201,-0.323837,-0.027227;;,
      23;4;-0.941127, 0.028419,-0.336051,-0.023283;;,
      24;4;-0.937913, 0.010961,-0.346075,-0.020744;;,
      25;4;-0.934940,-0.004731,-0.354275,-0.018805;;,
      26;4;-0.932070,-0.020058,-0.361358,-0.016233;;;
    }
    AnimationKey { // Scale
      1;
      27;
      0;3; 1.000000, 1.000000, 1.000000;;,
      1;3; 1.000000, 1.000000, 1.000000;;,
      2;3; 1.000000, 1.000000, 1.000000;;,
      3;3; 1.000000, 1.000000, 1.000000;;,
      4;3; 1.000000, 1.000000, 1.000000;;,
      5;3; 1.000000, 1.000000, 1.000000;;,
      6;3; 1.000000, 1.000000, 1.000000;;,
      7;3; 1.000000, 1.000000, 1.000000;;,
      8;3; 1.000000, 1.000000, 1.000000;;,
      9;3; 1.000000, 1.000000, 1.000000;;,
      10;3; 1.000000, 1.000000, 1.000000;;,
      11;3; 1.000000, 1.000000, 1.000000;;,
      12;3; 1.000000, 1.000000, 1.000000;;,
      13;3; 1.000000, 1.000000, 1.000000;;,
      14;3; 1.000000, 1.000000, 1.000000;;,
      15;3; 1.000000, 1.000000, 1.000000;;,
      16;3; 1.000000, 1.000000, 1.000000;;,
      17;3; 1.000000, 1.000000, 1.000000;;,
      18;3; 1.000000, 1.000000, 1.000000;;,
      19;3; 1.000000, 1.000000, 1.000000;;,
      20;3; 1.000000, 1.000000, 1.000000;;,
      21;3; 1.000000, 1.000000, 1.000000;;,
      22;3; 1.000000, 1.000000, 1.000000;;,
      23;3; 1.000000, 1.000000, 1.000000;;,
      24;3; 1.000000, 1.000000, 1.000000;;,
      25;3; 1.000000, 1.000000, 1.000000;;,
      26;3; 1.000000, 1.000000, 1.000000;;;
    }
    AnimationKey { // Position
      2;
      27;
      0;3; 0.112771,94.131302, 2.555257;;,
      1;3; 0.566175,92.410164,13.301626;;,
      2;3; 1.054240,91.329086,22.993471;;,
      3;3; 1.687361,88.689560,32.296967;;,
      4;3; 2.597292,84.018166,41.569893;;,
      5;3; 3.458110,78.618401,49.865585;;,
      6;3; 4.056279,74.842949,56.993378;;,
      7;3; 4.329894,73.452866,62.966625;;,
      8;3; 4.581384,73.427017,67.461800;;,
      9;3; 4.667234,74.852776,70.905983;;,
      10;3; 4.523948,77.149498,73.838158;;,
      11;3; 4.281560,79.902084,76.185951;;,
      12;3; 3.837981,82.967384,78.066338;;,
      13;3; 3.339822,86.037720,79.595184;;,
      14;3; 2.873783,88.995804,80.862892;;,
      15;3; 2.364560,91.625938,81.928665;;,
      16;3; 1.875781,93.762939,82.834656;;,
      17;3; 1.447696,95.450005,83.642395;;,
      18;3; 0.990242,96.731247,84.316582;;,
      19;3; 0.557839,97.649963,84.812866;;,
      20;3; 0.202459,98.263939,85.117836;;,
      21;3;-0.104391,98.593224,85.178146;;,
      22;3;-0.378744,98.746101,84.959114;;,
      23;3;-0.609217,98.759453,84.496620;;,
      24;3;-0.836886,98.587463,83.885216;;,
      25;3;-1.049591,98.224770,83.165268;;,
      26;3;-1.270293,97.803627,82.384750;;;
    }
  }
  Animation {
    {Armature_mixamorig_Spine}
    AnimationKey { // Rotation
      0;
      27;
      0;4;-0.999555, 0.011434, 0.009297, 0.025930;;,
      1;4;-0.999554, 0.012588, 0.016544, 0.021459;;,
      2;4;-0.999596, 0.016968, 0.019636, 0.011623;;,
      3;4;-0.999507, 0.023520, 0.020362, 0.004342;;,
      4;4;-0.999369, 0.028059, 0.021740,-0.001252;;,
      5;4;-0.999348, 0.027846, 0.022521,-0.004639;;,
      6;4;-0.999312, 0.028718, 0.022017,-0.008137;;,
      7;4;-0.999198, 0.031142, 0.021195,-0.013615;;,
      8;4;-0.999279, 0.029331, 0.021042,-0.011775;;,
      9;4;-0.999344, 0.027680, 0.021595,-0.008858;;,
      10;4;-0.999362, 0.025945, 0.023175,-0.008082;;,
      11;4;-0.999361, 0.024402, 0.025299,-0.006496;;,
      12;4;-0.999330, 0.023827, 0.027294,-0.005224;;,
      13;4;-0.999295, 0.023419, 0.029072,-0.003994;;,
      14;4;-0.999251, 0.023144, 0.030925,-0.002151;;,
      15;4;-0.999203, 0.023038, 0.032589,-0.000625;;,
      16;4;-0.999169, 0.022487, 0.033989, 0.000555;;,
      17;4;-0.999155, 0.021122, 0.035211, 0.001856;;,
      18;4;-0.999156, 0.019445, 0.036121, 0.002244;;,
      19;4;-0.999166, 0.017917, 0.036670, 0.001306;;,
      20;4;-0.999174, 0.016607, 0.037066, 0.000934;;,
      21;4;-0.999177, 0.015247, 0.037599, 0.000076;;,
      22;4;-0.999171, 0.014192, 0.038134,-0.001059;;,
      23;4;-0.999148, 0.014410, 0.038606,-0.002337;;,
      24;4;-0.999109, 0.015313, 0.039200,-0.003240;;,
      25;4;-0.999066, 0.016110, 0.039901,-0.004033;;,
      26;4;-0.999007, 0.017287, 0.040717,-0.005255;;;
    }
    AnimationKey { // Scale
      1;
      27;
      0;3; 1.000000, 1.000000, 1.000000;;,
      1;3; 1.000000, 1.000000, 1.000000;;,
      2;3; 1.000000, 1.000000, 1.000000;;,
      3;3; 1.000000, 1.000000, 1.000000;;,
      4;3; 1.000000, 1.000000, 1.000000;;,
      5;3; 1.000000, 1.000000, 1.000000;;,
      6;3; 1.000000, 1.000000, 1.000000;;,
      7;3; 1.000000, 1.000000, 1.000000;;,
      8;3; 1.000000, 1.000000, 1.000000;;,
      9;3; 1.000000, 1.000000, 1.000000;;,
      10;3; 1.000000, 1.000000, 1.000000;;,
      11;3; 1.000000, 1.000000, 1.000000;;,
      12;3; 1.000000, 1.000000, 1.000000;;,
      13;3; 1.000000, 1.000000, 1.000000;;,
      14;3; 1.000000, 1.000000, 1.000000;;,
