xof 0303txt 0032

template XSkinMeshHeader {
  <3cf169ce-ff7c-44ab-93c0-f78f62d172e2>
  WORD nMaxSkinWeightsPerVertex;
  WORD nMaxSkinWeightsPerFace;
  WORD nBones;
}

template SkinWeights {
  <6f0d123b-bad2-4167-a0d0-80224f25fabb>
  STRING transformNodeName;
  DWORD nWeights;
  array DWORD vertexIndices[nWeights];
  array float weights[nWeights];
  Matrix4x4 matrixOffset;
}

Frame Root {
  FrameTransformMatrix {
     1.000000, 0.000000, 0.000000, 0.000000,
     0.000000,-0.000000,-1.000000, 0.000000,
     0.000000, 1.000000,-0.000000, 0.000000,
     0.000000, 0.000000, 0.000000, 1.000000;;
  }
  Frame root {
    FrameTransformMatrix {
       0.010000, 0.000000, 0.000000, 0.000000,
       0.000000,-0.000000, 0.010000, 0.000000,
       0.000000,-0.010000,-0.000000, 0.000000,
       0.000000, 0.000000, 0.000000, 1.000000;;
    }
    Frame root_Hips {
      FrameTransformMatrix {
         0.963254,-0.022574, 0.267641, 0.000000,
         0.268589, 0.084769,-0.959518, 0.000000,
        -0.001027, 0.996145, 0.087717, 0.000000,
         0.200295,72.174377,-0.757488, 1.000000;;
      }
      Frame root_BagHead {
        FrameTransformMatrix {
          -0.000000, 0.000000, 1.000000, 0.000000,
           1.000000,-0.000000,-0.000000, 0.000000,
           0.000000, 1.000000,-0.000000, 0.000000,
          -0.000000, 7.465901, 3.999995, 1.000000;;
        }
        Frame root_BagFastenerHead {
          FrameTransformMatrix {
             1.000000, 0.000000, 0.000000, 0.000000,
             0.000000, 1.000000,-0.000000, 0.000000,
            -0.000000,-0.000000, 1.000000, 0.000000,
             5.209193,12.639000, 4.420899, 1.000000;;
          }
          Frame root_BagFastenerHead_end {
            FrameTransformMatrix {
               1.000000, 0.000000,-0.000000, 0.000000,
              -0.000000, 1.000000,-0.000000, 0.000000,
              -0.000000,-0.000000, 1.000000, 0.000000,
              -0.000005,16.559902, 0.000001, 1.000000;;
            }
          } // End of root_BagFastenerHead_end
        } // End of root_BagFastenerHead
        Frame root_BagNeck {
          FrameTransformMatrix {
            -0.000001, 1.000000,-0.000000, 0.000000,
            -1.000000,-0.000001, 0.000000, 0.000000,
             0.000000, 0.000000, 1.000000, 0.000000,
            -15.400003, 0.000000,10.699998, 1.000000;;
          }
          Frame root_BagFastenerNeck {
            FrameTransformMatrix {
               1.000000,-0.000000, 0.000000, 0.000000,
               0.000000, 1.000000, 0.000000, 0.000000,
              -0.000000,-0.000000, 1.000000, 0.000000,
              -0.000001, 0.699997,-1.600002, 1.000000;;
            }
            Frame root_BagFastenerNeck_end {
              FrameTransformMatrix {
                 1.000000,-0.000000, 0.000000, 0.000000,
                -0.000000, 1.000000, 0.000000, 0.000000,
                -0.000000, 0.000000, 1.000000, 0.000000,
                -0.000000, 3.654497,-0.000001, 1.000000;;
              }
            } // End of root_BagFastenerNeck_end
          } // End of root_BagFastenerNeck
          Frame root_BagLeftHand01 {
            FrameTransformMatrix {
              -0.000001,-1.000000, 0.000000, 0.000000,
               1.000000,-0.000001, 0.000000, 0.000000,
              -0.000000, 0.000000, 1.000000, 0.000000,
               4.400000, 1.699997, 0.600000, 1.000000;;
            }
            Frame root_BagLeftHand02 {
              FrameTransformMatrix {
                 1.000000, 0.000000,-0.000000, 0.000000,
                -0.000000, 1.000000,-0.000000, 0.000000,
                 0.000000, 0.000000, 1.000000, 0.000000,
                -2.200001, 2.700000, 0.600000, 1.000000;;
              }
              Frame root_BagLeftHand02_end {
                FrameTransformMatrix {
                   1.000000, 0.000001, 0.000000, 0.000000,
                  -0.000001, 1.000000, 0.000000, 0.000000,
                  -0.000000,-0.000000, 1.000000, 0.000000,
                   0.000001, 3.534104,-0.000001, 1.000000;;
                }
              } // End of root_BagLeftHand02_end
            } // End of root_BagLeftHand02
          } // End of root_BagLeftHand01
          Frame root_BagRightHand01 {
            FrameTransformMatrix {
               0.000001, 1.000000,-0.000000, 0.000000,
              -1.000000, 0.000001,-0.000000, 0.000000,
              -0.000000, 0.000000, 1.000000, 0.000000,
              -4.400002, 1.700000, 0.599998, 1.000000;;
            }
            Frame root_BagRightHand02 {
              FrameTransformMatrix {
                 1.000000, 0.000000,-0.000000, 0.000000,
                -0.000000, 1.000000,-0.000000, 0.000000,
                 0.000000, 0.000000, 1.000000, 0.000000,
                 2.200004, 2.700000, 0.599999, 1.000000;;
              }
              Frame root_BagRightHand02_end {
                FrameTransformMatrix {
                   1.000000, 0.000000, 0.000000, 0.000000,
                  -0.000000, 1.000000, 0.000000, 0.000000,
                  -0.000000,-0.000000, 1.000000, 0.000000,
                  -0.000004, 3.534104,-0.000002, 1.000000;;
                }
              } // End of root_BagRightHand02_end
            } // End of root_BagRightHand02
          } // End of root_BagRightHand01
          Frame root_BagSpine {
            FrameTransformMatrix {
               1.000000,-0.000000, 0.000000, 0.000000,
               0.000000, 1.000000, 0.000000, 0.000000,
              -0.000000,-0.000000, 1.000000, 0.000000,
              -0.000001, 3.099997, 1.299997, 1.000000;;
            }
            Frame root_BagHip {
              FrameTransformMatrix {
                -0.000000,-1.000000, 0.000000, 0.000000,
                 1.000000,-0.000000, 0.000000, 0.000000,
                -0.000000, 0.000000, 1.000000, 0.000000,
                -0.000000, 3.999998, 1.799998, 1.000000;;
              }
              Frame root_BagLeftLeg01 {
                FrameTransformMatrix {
                  -0.000000, 1.000000,-0.000000, 0.000000,
                  -1.000000,-0.000000, 0.000000, 0.000000,
                   0.000000, 0.000000, 1.000000, 0.000000,
                  -2.699997, 2.999999, 0.799999, 1.000000;;
                }
                Frame root_BagLeftLeg02 {
                  FrameTransformMatrix {
                     1.000000,-0.000000, 0.000000, 0.000000,
                     0.000000, 1.000000,-0.000000, 0.000000,
                    -0.000000, 0.000000, 1.000000, 0.000000,
                     0.999998, 2.500007, 1.800000, 1.000000;;
                  }
                  Frame root_BagLeftLeg02_end {
                    FrameTransformMatrix {
                       1.000000, 0.000000,-0.000000, 0.000000,
                      -0.000000, 1.000000, 0.000000, 0.000000,
                       0.000000,-0.000000, 1.000000, 0.000000,
                       0.000001, 3.238805, 0.000000, 1.000000;;
                    }
                  } // End of root_BagLeftLeg02_end
                } // End of root_BagLeftLeg02
              } // End of root_BagLeftLeg01
              Frame root_BagRightLeg01 {
                FrameTransformMatrix {
                   0.000000, 1.000000,-0.000000, 0.000000,
                  -1.000000,-0.000000, 0.000000, 0.000000,
                   0.000000, 0.000000, 1.000000, 0.000000,
                  -2.700000,-3.000001, 0.800000, 1.000000;;
                }
                Frame root_BagRightLeg02 {
                  FrameTransformMatrix {
                     1.000000, 0.000000,-0.000000, 0.000000,
                    -0.000000, 1.000000,-0.000000, 0.000000,
                    -0.000000, 0.000000, 1.000000, 0.000000,
                    -1.000001, 2.499995, 1.800003, 1.000000;;
                  }
                  Frame root_BagRightLeg02_end {
                    FrameTransformMatrix {
                       1.000000, 0.000000,-0.000000, 0.000000,
                      -0.000000, 1.000000, 0.000000, 0.000000,
                      -0.000000,-0.000000, 1.000000, 0.000000,
                       0.000000, 3.238800, 0.000003, 1.000000;;
                    }
                  } // End of root_BagRightLeg02_end
                } // End of root_BagRightLeg02
              } // End of root_BagRightLeg01
            } // End of root_BagHip
          } // End of root_BagSpine
        } // End of root_BagNeck
      } // End of root_BagHead
      Frame root_LeftUpLeg {
        FrameTransformMatrix {
           0.986037, 0.132834, 0.100424, 0.000000,
           0.160181,-0.591743,-0.790052, 0.000000,
          -0.045521, 0.795107,-0.604758, 0.000000,
           6.500000, 0.500000,-3.500013, 1.000000;;
        }
        Frame root_LeftLeg {
          FrameTransformMatrix {
             0.995924,-0.067570, 0.059741, 0.000000,
             0.027069, 0.855769, 0.516650, 0.000000,
            -0.086034,-0.512927, 0.854110, 0.000000,
            -0.000001,27.500002, 0.999997, 1.000000;;
          }
          Frame root_BootsLeft01 {
            FrameTransformMatrix {
               1.000000, 0.000000,-0.000000, 0.000000,
               0.000000,-1.000000,-0.000000, 0.000000,
              -0.000000, 0.000000,-1.000000, 0.000000,
               0.473100,22.674500, 3.400002, 1.000000;;
            }
            Frame root_BootsLeft02 {
              FrameTransformMatrix {
                 1.000000, 0.000000,-0.000000, 0.000000,
                 0.000000, 1.000000,-0.000000, 0.000000,
                 0.000000, 0.000000, 1.000000, 0.000000,
                 0.000000, 4.000000, 0.000001, 1.000000;;
              }
              Frame root_BootsLeft02_end {
                FrameTransformMatrix {
                   1.000000, 0.000000, 0.000000, 0.000000,
                   0.000000, 1.000000,-0.000000, 0.000000,
                   0.000000, 0.000000, 1.000000, 0.000000,
                  -0.000000, 4.000000, 0.000001, 1.000000;;
                }
              } // End of root_BootsLeft02_end
            } // End of root_BootsLeft02
          } // End of root_BootsLeft01
          Frame root_LeftFoot {
            FrameTransformMatrix {
               0.995647, 0.092908, 0.007412, 0.000000,
               0.003927, 0.037631,-0.999284, 0.000000,
              -0.093121, 0.994963, 0.037102, 0.000000,
              -0.000000,35.499996, 2.500001, 1.000000;;
            }
            Frame root_LeftToe {
              FrameTransformMatrix {
                 1.000000,-0.000000,-0.000000, 0.000000,
                -0.000000, 1.000000, 0.000000, 0.000000,
                -0.000000,-0.000000, 1.000000, 0.000000,
                -0.000000, 9.499998, 8.500000, 1.000000;;
              }
              Frame root_LeftToe_end {
                FrameTransformMatrix {
                   1.000000,-0.000000,-0.000000, 0.000000,
                  -0.000000, 1.000000,-0.000000, 0.000000,
                  -0.000000, 0.000000, 1.000000, 0.000000,
                   0.000001,12.747498,-0.000000, 1.000000;;
                }
              } // End of root_LeftToe_end
            } // End of root_LeftToe
          } // End of root_LeftFoot
        } // End of root_LeftLeg
      } // End of root_LeftUpLeg
      Frame root_RightUpLeg {
        FrameTransformMatrix {
           0.961197,-0.233816,-0.146389, 0.000000,
          -0.217212,-0.314364,-0.924118, 0.000000,
           0.170054, 0.920057,-0.352954, 0.000000,
          -6.500000, 0.500001,-3.500006, 1.000000;;
        }
        Frame root_RightLeg {
          FrameTransformMatrix {
             0.992370, 0.041807,-0.115987, 0.000000,
             0.027260, 0.843070, 0.537112, 0.000000,
             0.120241,-0.536176, 0.835499, 0.000000,
            -0.000002,27.499998, 0.999999, 1.000000;;
          }
          Frame root_BootsRight01 {
            FrameTransformMatrix {
               1.000000,-0.000000,-0.000000, 0.000000,
               0.000000, 1.000000,-0.000000, 0.000000,
               0.000000, 0.000000, 1.000000, 0.000000,
              -0.473099,22.674494, 3.400001, 1.000000;;
            }
            Frame root_BootsRight02 {
              FrameTransformMatrix {
                 1.000000,-0.000000, 0.000000, 0.000000,
                 0.000000, 1.000000, 0.000000, 0.000000,
                 0.000000,-0.000000, 1.000000, 0.000000,
                 0.000000, 3.999998,-0.000001, 1.000000;;
              }
              Frame root_BootsRight02_end {
                FrameTransformMatrix {
                   1.000000, 0.000000,-0.000000, 0.000000,
                   0.000000, 1.000000,-0.000000, 0.000000,
                   0.000000, 0.000000, 1.000000, 0.000000,
                   0.000003, 4.000000,-0.000000, 1.000000;;
                }
              } // End of root_BootsRight02_end
            } // End of root_BootsRight02
          } // End of root_BootsRight01
          Frame root_RightFoot {
            FrameTransformMatrix {
               0.983778,-0.178858, 0.013811, 0.000000,
              -0.029715,-0.238398,-0.970713, 0.000000,
               0.176912, 0.954556,-0.239846, 0.000000,
               0.000001,35.499996, 2.499999, 1.000000;;
            }
            Frame root_RightToe {
              FrameTransformMatrix {
                 1.000000,-0.000000, 0.000000, 0.000000,
                 0.000000, 1.000000, 0.000000, 0.000000,
                -0.000000,-0.000000, 1.000000, 0.000000,
                -0.000001, 9.500000, 8.499999, 1.000000;;
              }
              Frame root_RightToe_end {
                FrameTransformMatrix {
                   1.000000,-0.000000, 0.000000, 0.000000,
                   0.000000, 1.000000,-0.000000, 0.000000,
                  -0.000000, 0.000000, 1.000000, 0.000000,
                  -0.000001,12.747600,-0.000000, 1.000000;;
                }
              } // End of root_RightToe_end
            } // End of root_RightToe
          } // End of root_RightFoot
        } // End of root_RightLeg
      } // End of root_RightUpLeg
      Frame root_Spine {
        FrameTransformMatrix {
           0.997112, 0.071055, 0.026821, 0.000000,
           0.003176,-0.391843, 0.920026, 0.000000,
           0.075882,-0.917284,-0.390937, 0.000000,
          -0.000000,-1.500000, 8.999990, 1.000000;;
        }
        Frame root_Spine01 {
          FrameTransformMatrix {
             1.000000, 0.000000,-0.000000, 0.000000,
            -0.000000,-0.000000, 1.000000, 0.000000,
             0.000000,-1.000000, 0.000000, 0.000000,
            -0.000000, 9.000010, 0.499999, 1.000000;;
          }
          Frame root_FastenerFront {
            FrameTransformMatrix {
               1.000000,-0.000000,-0.000000, 0.000000,
              -0.000000, 1.000000, 0.000000, 0.000000,
               0.000000, 0.000000, 1.000000, 0.000000,
               2.772100, 6.630998, 3.900283, 1.000000;;
            }
            Frame root_FastenerFront_end {
              FrameTransformMatrix {
                 1.000000,-0.000000,-0.000000, 0.000000,
                -0.000000, 1.000000, 0.000000, 0.000000,
                 0.000000, 0.000000, 1.000000, 0.000000,
                 0.000000, 8.993404, 0.000007, 1.000000;;
              }
            } // End of root_FastenerFront_end
          } // End of root_FastenerFront
          Frame root_LeftBust {
            FrameTransformMatrix {
               1.000000,-0.000000,-0.000000, 0.000000,
              -0.000000, 1.000000, 0.000000, 0.000000,
               0.000000, 0.000000, 1.000000, 0.000000,
               5.670900, 3.040500,-6.273218, 1.000000;;
            }
            Frame root_LeftBust_end {
              FrameTransformMatrix {
                 1.000000,-0.000000,-0.000000, 0.000000,
                -0.000000, 1.000000, 0.000000, 0.000000,
                 0.000000, 0.000000, 1.000000, 0.000000,
                 0.000000, 8.993402,-0.000009, 1.000000;;
              }
            } // End of root_LeftBust_end
          } // End of root_LeftBust
          Frame root_RightBust {
            FrameTransformMatrix {
               1.000000,-0.000000,-0.000000, 0.000000,
               0.000000,-1.000000,-0.000000, 0.000000,
              -0.000000,-0.000000,-1.000000, 0.000000,
              -5.670900, 3.040499,-6.273021, 1.000000;;
            }
            Frame root_RightBust_end {
              FrameTransformMatrix {
                 1.000000, 0.000000,-0.000000, 0.000000,
                 0.000000, 1.000000, 0.000000, 0.000000,
                 0.000000,-0.000000, 1.000000, 0.000000,
                -0.000000, 8.993396,-0.000004, 1.000000;;
              }
            } // End of root_RightBust_end
          } // End of root_RightBust
          Frame root_Spine02 {
            FrameTransformMatrix {
               1.000000,-0.000000,-0.000000, 0.000000,
              -0.000000, 0.000000,-1.000000, 0.000000,
              -0.000000, 1.000000, 0.000000, 0.000000,
               0.000000,-2.500003,-9.500016, 1.000000;;
            }
            Frame root_HoodMain01 {
              FrameTransformMatrix {
                 1.000000,-0.000000,-0.000000, 0.000000,
                 0.000000,-1.000000, 0.000000, 0.000000,
                -0.000000, 0.000000,-1.000000, 0.000000,
                -0.000001, 0.999998,-9.465898, 1.000000;;
              }
              Frame root_HoodMain02 {
                FrameTransformMatrix {
                   1.000000,-0.000000,-0.000000, 0.000000,
                  -0.000000, 1.000000, 0.000000, 0.000000,
                   0.000000,-0.000000, 1.000000, 0.000000,
                   0.000000, 4.100006,-0.300001, 1.000000;;
                }
                Frame root_HoodMain02_end {
                  FrameTransformMatrix {
                     1.000000,-0.000000,-0.000000, 0.000000,
                    -0.000000, 1.000000,-0.000000, 0.000000,
                     0.000000,-0.000000, 1.000000, 0.000000,
                     0.000001, 4.110985, 0.000005, 1.000000;;
                  }
                } // End of root_HoodMain02_end
              } // End of root_HoodMain02
            } // End of root_HoodMain01
            Frame root_HoodSubCenter {
              FrameTransformMatrix {
                 1.000000, 0.000000,-0.000000, 0.000000,
                -0.000000, 1.000000, 0.000000, 0.000000,
                -0.000000,-0.000000, 1.000000, 0.000000,
                -0.000001, 3.499996,-14.765897, 1.000000;;
              }
              Frame root_HoodSubCenter_end {
                FrameTransformMatrix {
                   1.000000, 0.000000,-0.000000, 0.000000,
                  -0.000000, 1.000000, 0.000000, 0.000000,
                  -0.000000,-0.000000, 1.000000, 0.000000,
                  -0.000001,11.385107, 0.000001, 1.000000;;
                }
              } // End of root_HoodSubCenter_end
            } // End of root_HoodSubCenter
            Frame root_HoodSubLeftA01 {
              FrameTransformMatrix {
                 1.000000, 0.000000,-0.000000, 0.000000,
                -0.000000, 1.000000, 0.000000, 0.000000,
                -0.000000,-0.000000, 1.000000, 0.000000,
                 3.700000, 4.099990,-14.265899, 1.000000;;
              }
              Frame root_HoodSubLeftA01_end {
                FrameTransformMatrix {
                   1.000000, 0.000000,-0.000000, 0.000000,
                  -0.000000, 1.000000, 0.000000, 0.000000,
                  -0.000000,-0.000000, 1.000000, 0.000000,
                   0.000001,11.385110, 0.000003, 1.000000;;
                }
              } // End of root_HoodSubLeftA01_end
            } // End of root_HoodSubLeftA01
            Frame root_HoodSubLeftB01 {
              FrameTransformMatrix {
                 1.000000, 0.000000,-0.000000, 0.000000,
                -0.000000, 1.000000, 0.000000, 0.000000,
                -0.000000,-0.000000, 1.000000, 0.000000,
                 6.499999, 4.699990,-12.565895, 1.000000;;
              }
              Frame root_HoodSubLeftB01_end {
                FrameTransformMatrix {
                   1.000000, 0.000000,-0.000000, 0.000000,
                  -0.000000, 1.000000, 0.000000, 0.000000,
                  -0.000000,-0.000000, 1.000000, 0.000000,
                   0.000000,11.385103, 0.000002, 1.000000;;
                }
              } // End of root_HoodSubLeftB01_end
            } // End of root_HoodSubLeftB01
            Frame root_HoodSubRightA01 {
              FrameTransformMatrix {
                 1.000000, 0.000000, 0.000000, 0.000000,
                -0.000000,-1.000000,-0.000000, 0.000000,
                 0.000000, 0.000000,-1.000000, 0.000000,
                -3.700001, 4.099986,-14.265896, 1.000000;;
              }
              Frame root_HoodSubRightA01_end {
                FrameTransformMatrix {
                   1.000000, 0.000000, 0.000000, 0.000000,
                  -0.000000, 1.000000,-0.000000, 0.000000,
                  -0.000000, 0.000000, 1.000000, 0.000000,
                   0.000001,11.385110,-0.000001, 1.000000;;
                }
              } // End of root_HoodSubRightA01_end
            } // End of root_HoodSubRightA01
            Frame root_HoodSubRightB01 {
              FrameTransformMatrix {
                 1.000000, 0.000000, 0.000000, 0.000000,
                -0.000000,-1.000000,-0.000000, 0.000000,
                 0.000000, 0.000000,-1.000000, 0.000000,
                -6.500001, 4.699989,-12.565899, 1.000000;;
              }
              Frame root_HoodSubRightB01_end {
                FrameTransformMatrix {
                   1.000000, 0.000000, 0.000000, 0.000000,
                  -0.000000, 1.000000,-0.000000, 0.000000,
                  -0.000000, 0.000000, 1.000000, 0.000000,
                   0.000000,11.385105,-0.000002, 1.000000;;
                }
              } // End of root_HoodSubRightB01_end
            } // End of root_HoodSubRightB01
            Frame root_LeftShoulder {
              FrameTransformMatrix {
                -0.124372, 0.970526, 0.206425, 0.000000,
                 0.939001, 0.047896, 0.340562, 0.000000,
                 0.320637, 0.236190,-0.917282, 0.000000,
                 5.000000, 4.499994,-3.999996, 1.000000;;
              }
              Frame root_LeftArm {
                FrameTransformMatrix {
                   0.194333, 0.969231,-0.151085, 0.000000,
                  -0.827478, 0.079261,-0.555876, 0.000000,
                  -0.526797, 0.233044, 0.817420, 0.000000,
                  -1.000005, 5.000002, 0.000004, 1.000000;;
                }
                Frame root_LeftForeArm {
                  FrameTransformMatrix {
                     0.999207,-0.029033, 0.027237, 0.000000,
                     0.039809, 0.728781,-0.683588, 0.000000,
                    -0.000003, 0.684131, 0.729360, 0.000000,
                     0.000000,17.999998, 0.000001, 1.000000;;
                  }
                  Frame root_LeftHand {
                    FrameTransformMatrix {
                       0.898325, 0.267656, 0.348385, 0.000000,
                      -0.227801, 0.961839,-0.151563, 0.000000,
                      -0.375657, 0.056790, 0.925017, 0.000000,
                       0.000001,20.499992, 0.000002, 1.000000;;
                    }
                    Frame root_LeftHandIndex1 {
                      FrameTransformMatrix {
                         0.292684, 0.953883, 0.066651, 0.000000,
                        -0.951222, 0.297559,-0.081457, 0.000000,
                        -0.097533,-0.039559, 0.994446, 0.000000,
                         0.099996, 8.499996,-3.099998, 1.000000;;
                      }
                      Frame root_LeftHandIndex2 {
                        FrameTransformMatrix {
                           0.682540, 0.729500, 0.044371, 0.000000,
                          -0.730608, 0.682613, 0.015842, 0.000000,
                          -0.018732,-0.043231, 0.998889, 0.000000,
                           0.000004, 2.599996,-0.000003, 1.000000;;
                        }
                        Frame root_LeftHandIndex3 {
                          FrameTransformMatrix {
                             0.195767, 0.980586, 0.011245, 0.000000,
                            -0.976129, 0.195951,-0.093676, 0.000000,
                            -0.094061, 0.007362, 0.995539, 0.000000,
                             0.000001, 2.999995, 0.000001, 1.000000;;
                          }
                          Frame root_LeftHandIndex3_end {
                            FrameTransformMatrix {
                               1.000000,-0.000000,-0.000000, 0.000000,
                               0.000000, 1.000000, 0.000000, 0.000000,
                               0.000000, 0.000000, 1.000000, 0.000000,
                              -0.000001, 2.999997,-0.000001, 1.000000;;
                            }
                          } // End of root_LeftHandIndex3_end
                        } // End of root_LeftHandIndex3
                      } // End of root_LeftHandIndex2
                    } // End of root_LeftHandIndex1
                    Frame root_LeftHandMiddle1 {
                      FrameTransformMatrix {
                         0.152965, 0.979220, 0.133151, 0.000000,
                        -0.988227, 0.151166, 0.023584, 0.000000,
                         0.002966,-0.135191, 0.990815, 0.000000,
                         0.499997, 8.499998,-1.200001, 1.000000;;
                      }
                      Frame root_LeftHandMiddle2 {
                        FrameTransformMatrix {
                           0.294428, 0.955624,-0.009784, 0.000000,
                          -0.955624, 0.294293,-0.013210, 0.000000,
                          -0.009745, 0.013239, 0.999865, 0.000000,
                          -0.000002, 3.000005,-0.000008, 1.000000;;
                        }
                        Frame root_LeftHandMiddle3 {
                          FrameTransformMatrix {
                             0.939842, 0.341032, 0.019870, 0.000000,
                            -0.340802, 0.940029,-0.014091, 0.000000,
                            -0.023484, 0.006471, 0.999703, 0.000000,
                             0.000001, 3.000004,-0.000003, 1.000000;;
                          }
                          Frame root_LeftHandMiddle3_end {
                            FrameTransformMatrix {
                               1.000000, 0.000000, 0.000000, 0.000000,
                               0.000000, 1.000000, 0.000000, 0.000000,
                               0.000000, 0.000000, 1.000000, 0.000000,
                               0.000001, 2.999996,-0.000001, 1.000000;;
                            }
                          } // End of root_LeftHandMiddle3_end
                        } // End of root_LeftHandMiddle3
                      } // End of root_LeftHandMiddle2
                    } // End of root_LeftHandMiddle1
                    Frame root_LeftHandPinky1 {
                      FrameTransformMatrix {
                         0.657222, 0.658939, 0.365867, 0.000000,
                        -0.694227, 0.718251,-0.046526, 0.000000,
                        -0.293442,-0.223417, 0.929503, 0.000000,
                        -0.000006, 7.799996, 2.600001, 1.000000;;
                      }
                      Frame root_LeftHandPinky2 {
                        FrameTransformMatrix {
                           0.196734, 0.980395,-0.011058, 0.000000,
                          -0.980394, 0.196581,-0.013547, 0.000000,
                          -0.011108, 0.013506, 0.999847, 0.000000,
                          -0.000002, 2.500000,-0.000003, 1.000000;;
                        }
                        Frame root_LeftHandPinky3 {
                          FrameTransformMatrix {
                             0.896528, 0.442984,-0.001492, 0.000000,
                            -0.442984, 0.896508,-0.006156, 0.000000,
                            -0.001389, 0.006180, 0.999980, 0.000000,
                            -0.000000, 2.285399,-0.000004, 1.000000;;
                          }
                          Frame root_LeftHandPinky3_end {
                            FrameTransformMatrix {
                               1.000000,-0.000000, 0.000000, 0.000000,
                               0.000000, 1.000000, 0.000000, 0.000000,
                               0.000000,-0.000000, 1.000000, 0.000000,
                              -0.000000, 2.285400,-0.000000, 1.000000;;
                            }
                          } // End of root_LeftHandPinky3_end
                        } // End of root_LeftHandPinky3
                      } // End of root_LeftHandPinky2
                    } // End of root_LeftHandPinky1
                    Frame root_LeftHandRing1 {
                      FrameTransformMatrix {
                         0.243414, 0.932433, 0.267053, 0.000000,
                        -0.960942, 0.269220,-0.064115, 0.000000,
                        -0.131678,-0.241016, 0.961547, 0.000000,
                         0.399999, 8.299997, 0.800004, 1.000000;;
                      }
                      Frame root_LeftHandRing2 {
                        FrameTransformMatrix {
                           0.629168, 0.777230, 0.007811, 0.000000,
                          -0.777253, 0.629189,-0.000188, 0.000000,
                          -0.005060,-0.005953, 0.999969, 0.000000,
                           0.000002, 2.911004,-0.000001, 1.000000;;
                        }
                        Frame root_LeftHandRing3 {
                          FrameTransformMatrix {
                             0.768623, 0.639702, 0.000469, 0.000000,
                            -0.629537, 0.756279, 0.178118, 0.000000,
                             0.113587,-0.137201, 0.984009, 0.000000,
                             0.000001, 2.760397,-0.000004, 1.000000;;
                          }
                          Frame root_LeftHandRing3_end {
                            FrameTransformMatrix {
                               1.000000, 0.000000, 0.000000, 0.000000,
                               0.000000, 1.000000, 0.000000, 0.000000,
                              -0.000000,-0.000000, 1.000000, 0.000000,
                              -0.000001, 2.760398, 0.000001, 1.000000;;
                            }
                          } // End of root_LeftHandRing3_end
                        } // End of root_LeftHandRing3
                      } // End of root_LeftHandRing2
                    } // End of root_LeftHandRing1
                    Frame root_LeftHandThumb1 {
                      FrameTransformMatrix {
                         0.313257,-0.506866,-0.803092, 0.000000,
                        -0.432571, 0.676678,-0.595810, 0.000000,
                         0.845430, 0.534036,-0.007281, 0.000000,
                        -1.100000, 3.099998,-3.599995, 1.000000;;
                      }
                      Frame root_LeftHandThumb2 {
                        FrameTransformMatrix {
                           0.740544, 0.600821, 0.301012, 0.000000,
                          -0.625331, 0.780135,-0.018726, 0.000000,
                          -0.246080,-0.174365, 0.953437, 0.000000,
                          -0.000002, 3.200003, 0.000003, 1.000000;;
                        }
                        Frame root_LeftHandThumb3 {
                          FrameTransformMatrix {
                             0.114304, 0.752428,-0.648681, 0.000000,
                            -0.742586, 0.498460, 0.447329, 0.000000,
                             0.659924, 0.430570, 0.615719, 0.000000,
                            -0.000002, 3.400002, 0.000004, 1.000000;;
                          }
                          Frame root_LeftHandThumb3_end {
                            FrameTransformMatrix {
                               1.000000, 0.000000, 0.000000, 0.000000,
                              -0.000000, 1.000000,-0.000000, 0.000000,
                              -0.000000,-0.000000, 1.000000, 0.000000,
                              -0.000000, 3.399988, 0.000000, 1.000000;;
                            }
                          } // End of root_LeftHandThumb3_end
                        } // End of root_LeftHandThumb3
                      } // End of root_LeftHandThumb2
                    } // End of root_LeftHandThumb1
                  } // End of root_LeftHand
                } // End of root_LeftForeArm
              } // End of root_LeftArm
            } // End of root_LeftShoulder
            Frame root_Neck {
              FrameTransformMatrix {
                 0.997441, 0.012968,-0.070303, 0.000000,
                -0.019327, 0.995705,-0.090541, 0.000000,
                 0.068827, 0.091668, 0.993408, 0.000000,
                -0.000001, 6.300002,-1.599999, 1.000000;;
              }
              Frame root_Head {
                FrameTransformMatrix {
                   0.989033,-0.088931,-0.117916, 0.000000,
                   0.057017, 0.966406,-0.250617, 0.000000,
                   0.136242, 0.241145, 0.960878, 0.000000,
                   0.000000, 4.699998, 0.700001, 1.000000;;
                }
                Frame root_Hair {
                  FrameTransformMatrix {
                     0.000000, 1.000000, 0.000000, 0.000000,
                     1.000000,-0.000000,-0.000000, 0.000000,
                    -0.000000, 0.000000,-1.000000, 0.000000,
                     0.000000,10.499991,-1.999998, 1.000000;;
                  }
                  Frame root_HairBackA01 {
                    FrameTransformMatrix {
                       1.000000,-0.000000,-0.000000, 0.000000,
                       0.000000, 1.000000,-0.000000, 0.000000,
                      -0.000000,-0.000000, 1.000000, 0.000000,
                       9.000003,10.799998, 6.465901, 1.000000;;
                    }
                    Frame root_HairBackA02 {
                      FrameTransformMatrix {
                         1.000000,-0.000000,-0.000000, 0.000000,
                        -0.000000, 1.000000,-0.000000, 0.000000,
                        -0.000000, 0.000000, 1.000000, 0.000000,
                         1.999981, 4.500000, 3.200001, 1.000000;;
                      }
                      Frame root_HairBackA03 {
                        FrameTransformMatrix {
                           1.000000, 0.000000,-0.000000, 0.000000,
                          -0.000000, 1.000000, 0.000000, 0.000000,
                          -0.000000,-0.000000, 1.000000, 0.000000,
                           0.399974, 4.300000, 2.899999, 1.000000;;
                        }
                        Frame root_HairBackA04 {
                          FrameTransformMatrix {
                             1.000000,-0.000001, 0.000000, 0.000000,
                             0.000001, 1.000000,-0.000000, 0.000000,
                            -0.000000, 0.000000, 1.000000, 0.000000,
                            -0.000032, 4.400002, 3.299999, 1.000000;;
                          }
                          Frame root_HairBackA04_end {
                            FrameTransformMatrix {
                               1.000000, 0.000000, 0.000000, 0.000000,
                              -0.000000, 1.000000, 0.000000, 0.000000,
                              -0.000000,-0.000000, 1.000000, 0.000000,
                              -0.000001, 5.500003, 0.000000, 1.000000;;
                            }
                          } // End of root_HairBackA04_end
                        } // End of root_HairBackA04
                      } // End of root_HairBackA03
                    } // End of root_HairBackA02
                  } // End of root_HairBackA01
                  Frame root_HairBackB01 {
                    FrameTransformMatrix {
                       0.000000, 1.000000, 0.000000, 0.000000,
                      -1.000000, 0.000000,-0.000000, 0.000000,
                      -0.000000,-0.000000, 1.000000, 0.000000,
                       1.599993,13.600001, 6.865901, 1.000000;;
                    }
                    Frame root_HairBackB02 {
                      FrameTransformMatrix {
                         1.000000, 0.000000, 0.000000, 0.000000,
                        -0.000000, 1.000000, 0.000000, 0.000000,
                         0.000000,-0.000000, 1.000000, 0.000000,
                         0.099999, 4.499991,-0.800000, 1.000000;;
                      }
                      Frame root_HairBackB03 {
                        FrameTransformMatrix {
                           1.000000,-0.000000, 0.000000, 0.000000,
                           0.000000, 1.000000,-0.000000, 0.000000,
                           0.000000, 0.000000, 1.000000, 0.000000,
                           0.700001, 5.699999, 0.199999, 1.000000;;
                        }
                        Frame root_HairBackB04 {
                          FrameTransformMatrix {
                             1.000000,-0.000000,-0.000000, 0.000000,
                            -0.000000, 1.000000, 0.000000, 0.000000,
                            -0.000000,-0.000000, 1.000000, 0.000000,
                             1.500001, 4.199992, 1.100000, 1.000000;;
                          }
                          Frame root_HairBackB04_end {
                            FrameTransformMatrix {
                               1.000000,-0.000000,-0.000000, 0.000000,
                              -0.000000, 1.000000, 0.000000, 0.000000,
                              -0.000000,-0.000000, 1.000000, 0.000000,
                              -0.000001, 4.593507,-0.000001, 1.000000;;
                            }
                          } // End of root_HairBackB04_end
                        } // End of root_HairBackB04
                      } // End of root_HairBackB03
                    } // End of root_HairBackB02
                  } // End of root_HairBackB01
                  Frame root_HairBackC01 {
                    FrameTransformMatrix {
                       0.000000, 1.000000, 0.000000, 0.000000,
                      -1.000000, 0.000000, 0.000000, 0.000000,
                      -0.000000,-0.000000, 1.000000, 0.000000,
                       1.599989,12.500000, 9.265900, 1.000000;;
                    }
                    Frame root_HairBackC02 {
                      FrameTransformMatrix {
                         1.000000, 0.000000, 0.000000, 0.000000,
                        -0.000000, 1.000000,-0.000000, 0.000000,
                         0.000000, 0.000000, 1.000000, 0.000000,
                         1.599998, 4.300004,-0.200003, 1.000000;;
                      }
                      Frame root_HairBackC03 {
                        FrameTransformMatrix {
                           1.000000, 0.000000, 0.000000, 0.000000,
                          -0.000000, 1.000000, 0.000000, 0.000000,
                           0.000000, 0.000000, 1.000000, 0.000000,
                           1.700000, 3.999994, 0.200000, 1.000000;;
                        }
                        Frame root_HairBackC04 {
                          FrameTransformMatrix {
                            -0.000001,-1.000000,-0.000000, 0.000000,
                             1.000000,-0.000001,-0.000000, 0.000000,
                             0.000000,-0.000000, 1.000000, 0.000000,
                             2.900002, 3.900001, 1.400000, 1.000000;;
                          }
                          Frame root_HairBackC05 {
                            FrameTransformMatrix {
                               1.000000, 0.000001,-0.000000, 0.000000,
                              -0.000001, 1.000000,-0.000000, 0.000000,
                              -0.000000, 0.000000, 1.000000, 0.000000,
                              -2.400004, 4.200001, 2.299997, 1.000000;;
                            }
                            Frame root_HairBackC06 {
                              FrameTransformMatrix {
