xof 0303txt 0032

template XSkinMeshHeader {
  <3cf169ce-ff7c-44ab-93c0-f78f62d172e2>
  WORD nMaxSkinWeightsPerVertex;
  WORD nMaxSkinWeightsPerFace;
  WORD nBones;
}

template SkinWeights {
  <6f0d123b-bad2-4167-a0d0-80224f25fabb>
  STRING transformNodeName;
  DWORD nWeights;
  array DWORD vertexIndices[nWeights];
  array float weights[nWeights];
  Matrix4x4 matrixOffset;
}

Frame Root {
  FrameTransformMatrix {
     1.000000, 0.000000, 0.000000, 0.000000,
     0.000000,-0.000000,-1.000000, 0.000000,
     0.000000, 1.000000,-0.000000, 0.000000,
     0.000000, 0.000000, 0.000000, 1.000000;;
  }
  Frame root {
    FrameTransformMatrix {
       0.010000, 0.000000, 0.000000, 0.000000,
       0.000000,-0.000000, 0.010000, 0.000000,
       0.000000,-0.010000,-0.000000, 0.000000,
       0.000000, 0.000000, 0.000000, 1.000000;;
    }
    Frame root_Hips {
      FrameTransformMatrix {
         0.950102,-0.169183, 0.262076, 0.000000,
         0.305829, 0.339717,-0.889416, 0.000000,
         0.061442, 0.925186, 0.374507, 0.000000,
        -0.017068,63.985508, 1.165586, 1.000000;;
      }
      Frame root_BagHead {
        FrameTransformMatrix {
          -0.000000, 0.000000, 1.000000, 0.000000,
           1.000000,-0.000000,-0.000000, 0.000000,
           0.000000, 1.000000,-0.000000, 0.000000,
          -0.000001, 7.465901, 4.000006, 1.000000;;
        }
        Frame root_BagFastenerHead {
          FrameTransformMatrix {
             1.000000,-0.000000, 0.000000, 0.000000,
            -0.000000, 1.000000, 0.000000, 0.000000,
            -0.000000, 0.000000, 1.000000, 0.000000,
             5.209196,12.638999, 4.420901, 1.000000;;
          }
          Frame root_BagFastenerHead_end {
            FrameTransformMatrix {
               1.000000, 0.000000,-0.000000, 0.000000,
               0.000000, 1.000000, 0.000000, 0.000000,
              -0.000000, 0.000000, 1.000000, 0.000000,
               0.000013,16.559898,-0.000002, 1.000000;;
            }
          } // End of root_BagFastenerHead_end
        } // End of root_BagFastenerHead
        Frame root_BagNeck {
          FrameTransformMatrix {
            -0.000001, 1.000000,-0.000000, 0.000000,
            -1.000000,-0.000001,-0.000000, 0.000000,
            -0.000000, 0.000000, 1.000000, 0.000000,
            -15.400001,-0.000001,10.700002, 1.000000;;
          }
          Frame root_BagFastenerNeck {
            FrameTransformMatrix {
               1.000000,-0.000000,-0.000000, 0.000000,
               0.000000, 1.000000, 0.000000, 0.000000,
               0.000000,-0.000000, 1.000000, 0.000000,
               0.000000, 0.699996,-1.600001, 1.000000;;
            }
            Frame root_BagFastenerNeck_end {
              FrameTransformMatrix {
                 1.000000, 0.000000, 0.000000, 0.000000,
                 0.000000, 1.000000, 0.000000, 0.000000,
                 0.000000, 0.000000, 1.000000, 0.000000,
                -0.000000, 3.654491,-0.000001, 1.000000;;
              }
            } // End of root_BagFastenerNeck_end
          } // End of root_BagFastenerNeck
          Frame root_BagLeftHand01 {
            FrameTransformMatrix {
              -0.000001,-1.000000, 0.000000, 0.000000,
               1.000000,-0.000001, 0.000000, 0.000000,
              -0.000000, 0.000000, 1.000000, 0.000000,
               4.400000, 1.699994, 0.600000, 1.000000;;
            }
            Frame root_BagLeftHand02 {
              FrameTransformMatrix {
                 1.000000, 0.000000, 0.000000, 0.000000,
                 0.000000, 1.000000,-0.000000, 0.000000,
                 0.000000, 0.000000, 1.000000, 0.000000,
                -2.200001, 2.700001, 0.600001, 1.000000;;
              }
              Frame root_BagLeftHand02_end {
                FrameTransformMatrix {
                   1.000000, 0.000001,-0.000000, 0.000000,
                  -0.000001, 1.000000, 0.000000, 0.000000,
                   0.000000,-0.000000, 1.000000, 0.000000,
                   0.000002, 3.534104,-0.000002, 1.000000;;
                }
              } // End of root_BagLeftHand02_end
            } // End of root_BagLeftHand02
          } // End of root_BagLeftHand01
          Frame root_BagRightHand01 {
            FrameTransformMatrix {
               0.000001, 1.000000, 0.000000, 0.000000,
              -1.000000, 0.000001,-0.000000, 0.000000,
              -0.000000, 0.000000, 1.000000, 0.000000,
              -4.400001, 1.700001, 0.599997, 1.000000;;
            }
            Frame root_BagRightHand02 {
              FrameTransformMatrix {
                 1.000000, 0.000000, 0.000000, 0.000000,
                -0.000000, 1.000000,-0.000000, 0.000000,
                -0.000000, 0.000000, 1.000000, 0.000000,
                 2.200002, 2.700001, 0.599999, 1.000000;;
              }
              Frame root_BagRightHand02_end {
                FrameTransformMatrix {
                   1.000000, 0.000000,-0.000000, 0.000000,
                   0.000000, 1.000000, 0.000000, 0.000000,
                   0.000000,-0.000000, 1.000000, 0.000000,
                   0.000000, 3.534102, 0.000001, 1.000000;;
                }
              } // End of root_BagRightHand02_end
            } // End of root_BagRightHand02
          } // End of root_BagRightHand01
          Frame root_BagSpine {
            FrameTransformMatrix {
               1.000000,-0.000000,-0.000000, 0.000000,
               0.000000, 1.000000, 0.000000, 0.000000,
               0.000000,-0.000000, 1.000000, 0.000000,
               0.000000, 3.099997, 1.299997, 1.000000;;
            }
            Frame root_BagHip {
              FrameTransformMatrix {
                -0.000000,-1.000000, 0.000000, 0.000000,
                 1.000000,-0.000000, 0.000000, 0.000000,
                -0.000000, 0.000000, 1.000000, 0.000000,
                 0.000000, 3.999999, 1.800003, 1.000000;;
              }
              Frame root_BagLeftLeg01 {
                FrameTransformMatrix {
                  -0.000000, 1.000000,-0.000000, 0.000000,
                  -1.000000,-0.000000, 0.000000, 0.000000,
                   0.000000, 0.000000, 1.000000, 0.000000,
                  -2.699999, 2.999999, 0.799999, 1.000000;;
                }
                Frame root_BagLeftLeg02 {
                  FrameTransformMatrix {
                     1.000000, 0.000000, 0.000000, 0.000000,
                    -0.000000, 1.000000, 0.000000, 0.000000,
                     0.000000, 0.000000, 1.000000, 0.000000,
                     1.000000, 2.499997, 1.799999, 1.000000;;
                  }
                  Frame root_BagLeftLeg02_end {
                    FrameTransformMatrix {
                       1.000000, 0.000000, 0.000000, 0.000000,
                      -0.000000, 1.000000, 0.000000, 0.000000,
                      -0.000000,-0.000000, 1.000000, 0.000000,
                      -0.000000, 3.238799, 0.000004, 1.000000;;
                    }
                  } // End of root_BagLeftLeg02_end
                } // End of root_BagLeftLeg02
              } // End of root_BagLeftLeg01
              Frame root_BagRightLeg01 {
                FrameTransformMatrix {
                   0.000000, 1.000000,-0.000000, 0.000000,
                  -1.000000,-0.000000, 0.000000, 0.000000,
                   0.000000, 0.000000, 1.000000, 0.000000,
                  -2.699999,-3.000002, 0.799996, 1.000000;;
                }
                Frame root_BagRightLeg02 {
                  FrameTransformMatrix {
                     1.000000, 0.000000, 0.000000, 0.000000,
                    -0.000000, 1.000000,-0.000000, 0.000000,
                     0.000000, 0.000000, 1.000000, 0.000000,
                    -0.999998, 2.500006, 1.800003, 1.000000;;
                  }
                  Frame root_BagRightLeg02_end {
                    FrameTransformMatrix {
                       1.000000, 0.000000,-0.000000, 0.000000,
                      -0.000000, 1.000000, 0.000000, 0.000000,
                       0.000000,-0.000000, 1.000000, 0.000000,
                       0.000001, 3.238801, 0.000002, 1.000000;;
                    }
                  } // End of root_BagRightLeg02_end
                } // End of root_BagRightLeg02
              } // End of root_BagRightLeg01
            } // End of root_BagHip
          } // End of root_BagSpine
        } // End of root_BagNeck
      } // End of root_BagHead
      Frame root_LeftUpLeg {
        FrameTransformMatrix {
           0.951568, 0.291334, 0.098202, 0.000000,
           0.290665,-0.956586, 0.021365, 0.000000,
           0.100163, 0.008214,-0.994937, 0.000000,
           6.499999, 0.500000,-3.499998, 1.000000;;
        }
        Frame root_LeftLeg {
          FrameTransformMatrix {
             0.998742, 0.048686, 0.012001, 0.000000,
             0.014855,-0.515862, 0.856543, 0.000000,
             0.047892,-0.855287,-0.515937, 0.000000,
            -0.000001,27.500000, 0.999998, 1.000000;;
          }
          Frame root_BootsLeft01 {
            FrameTransformMatrix {
               1.000000, 0.000000,-0.000000, 0.000000,
               0.000000,-1.000000,-0.000000, 0.000000,
              -0.000000, 0.000000,-1.000000, 0.000000,
               0.473101,22.674496, 3.400001, 1.000000;;
            }
            Frame root_BootsLeft02 {
              FrameTransformMatrix {
                 1.000000,-0.000000,-0.000000, 0.000000,
                -0.000000, 1.000000,-0.000000, 0.000000,
                 0.000000, 0.000000, 1.000000, 0.000000,
                 0.000000, 3.999999, 0.000003, 1.000000;;
              }
              Frame root_BootsLeft02_end {
                FrameTransformMatrix {
                   1.000000,-0.000000, 0.000000, 0.000000,
                  -0.000000, 1.000000,-0.000000, 0.000000,
                  -0.000000,-0.000000, 1.000000, 0.000000,
                   0.000001, 4.000000, 0.000001, 1.000000;;
                }
              } // End of root_BootsLeft02_end
            } // End of root_BootsLeft02
          } // End of root_BootsLeft01
          Frame root_LeftFoot {
            FrameTransformMatrix {
               0.973928,-0.225296,-0.026570, 0.000000,
               0.023257, 0.215664,-0.976191, 0.000000,
               0.225663, 0.950121, 0.215281, 0.000000,
               0.000001,35.499996, 2.499999, 1.000000;;
            }
            Frame root_LeftToe {
              FrameTransformMatrix {
                 1.000000, 0.000000,-0.000000, 0.000000,
                -0.000000, 1.000000, 0.000000, 0.000000,
                -0.000000,-0.000000, 1.000000, 0.000000,
                 0.000000, 9.500002, 8.500002, 1.000000;;
              }
              Frame root_LeftToe_end {
                FrameTransformMatrix {
                   1.000000,-0.000000,-0.000000, 0.000000,
                   0.000000, 1.000000,-0.000000, 0.000000,
                  -0.000000, 0.000000, 1.000000, 0.000000,
                   0.000000,12.747502,-0.000001, 1.000000;;
                }
              } // End of root_LeftToe_end
            } // End of root_LeftToe
          } // End of root_LeftFoot
        } // End of root_LeftLeg
      } // End of root_LeftUpLeg
      Frame root_RightUpLeg {
        FrameTransformMatrix {
           0.996556, 0.044492, 0.069968, 0.000000,
           0.082892,-0.554924,-0.827761, 0.000000,
           0.001998, 0.830710,-0.556701, 0.000000,
          -6.500001, 0.500002,-3.499999, 1.000000;;
        }
        Frame root_RightLeg {
          FrameTransformMatrix {
             0.990082,-0.060401, 0.126846, 0.000000,
            -0.069313, 0.575330, 0.814979, 0.000000,
            -0.122204,-0.815688, 0.565437, 0.000000,
             0.000000,27.500002, 1.000001, 1.000000;;
          }
          Frame root_BootsRight01 {
            FrameTransformMatrix {
               1.000000, 0.000000, 0.000000, 0.000000,
               0.000000, 1.000000,-0.000000, 0.000000,
              -0.000000, 0.000000, 1.000000, 0.000000,
              -0.473100,22.674496, 3.399997, 1.000000;;
            }
            Frame root_BootsRight02 {
              FrameTransformMatrix {
                 1.000000, 0.000000, 0.000000, 0.000000,
                 0.000000, 1.000000, 0.000000, 0.000000,
                -0.000000,-0.000000, 1.000000, 0.000000,
                 0.000000, 3.999999,-0.000002, 1.000000;;
              }
              Frame root_BootsRight02_end {
                FrameTransformMatrix {
                   1.000000, 0.000000, 0.000000, 0.000000,
                   0.000000, 1.000000,-0.000000, 0.000000,
                   0.000000,-0.000000, 1.000000, 0.000000,
                   0.000000, 4.000000,-0.000000, 1.000000;;
                }
              } // End of root_BootsRight02_end
            } // End of root_BootsRight02
          } // End of root_BootsRight01
          Frame root_RightFoot {
            FrameTransformMatrix {
               0.997749,-0.065503, 0.014386, 0.000000,
              -0.021460,-0.515076,-0.856876, 0.000000,
               0.063538, 0.854638,-0.515322, 0.000000,
              -0.000000,35.499996, 2.499998, 1.000000;;
            }
            Frame root_RightToe {
              FrameTransformMatrix {
                 1.000000, 0.000000, 0.000000, 0.000000,
                 0.000000, 1.000000, 0.000000, 0.000000,
                -0.000000,-0.000000, 1.000000, 0.000000,
                -0.000001, 9.500002, 8.500001, 1.000000;;
              }
              Frame root_RightToe_end {
                FrameTransformMatrix {
                   1.000000, 0.000000,-0.000000, 0.000000,
                  -0.000000, 1.000000,-0.000000, 0.000000,
                  -0.000000, 0.000000, 1.000000, 0.000000,
                   0.000001,12.747598, 0.000000, 1.000000;;
                }
              } // End of root_RightToe_end
            } // End of root_RightToe
          } // End of root_RightFoot
        } // End of root_RightLeg
      } // End of root_RightUpLeg
      Frame root_Spine {
        FrameTransformMatrix {
           0.978040, 0.194772, 0.074173, 0.000000,
          -0.021105,-0.261504, 0.964972, 0.000000,
           0.207346,-0.945346,-0.251650, 0.000000,
          -0.000001,-1.500000, 9.000001, 1.000000;;
        }
        Frame root_Spine01 {
          FrameTransformMatrix {
             1.000000,-0.000000,-0.000000, 0.000000,
            -0.000000,-0.000000, 1.000000, 0.000000,
             0.000000,-1.000000, 0.000000, 0.000000,
            -0.000000, 8.999998, 0.499999, 1.000000;;
          }
          Frame root_FastenerFront {
            FrameTransformMatrix {
               1.000000,-0.000000, 0.000000, 0.000000,
              -0.000000, 1.000000, 0.000000, 0.000000,
               0.000000, 0.000000, 1.000000, 0.000000,
               2.772100, 6.631005, 3.900299, 1.000000;;
            }
            Frame root_FastenerFront_end {
              FrameTransformMatrix {
                 1.000000,-0.000000, 0.000000, 0.000000,
                -0.000000, 1.000000, 0.000000, 0.000000,
                 0.000000, 0.000000, 1.000000, 0.000000,
                -0.000000, 8.993402, 0.000003, 1.000000;;
              }
            } // End of root_FastenerFront_end
          } // End of root_FastenerFront
          Frame root_LeftBust {
            FrameTransformMatrix {
               1.000000,-0.000000, 0.000000, 0.000000,
              -0.000000, 1.000000, 0.000000, 0.000000,
               0.000000, 0.000000, 1.000000, 0.000000,
               5.670900, 3.040507,-6.273203, 1.000000;;
            }
            Frame root_LeftBust_end {
              FrameTransformMatrix {
                 1.000000,-0.000000, 0.000000, 0.000000,
                -0.000000, 1.000000, 0.000000, 0.000000,
                 0.000000, 0.000000, 1.000000, 0.000000,
                -0.000001, 8.993402, 0.000000, 1.000000;;
              }
            } // End of root_LeftBust_end
          } // End of root_LeftBust
          Frame root_RightBust {
            FrameTransformMatrix {
               1.000000,-0.000000,-0.000000, 0.000000,
               0.000000,-1.000000,-0.000000, 0.000000,
              -0.000000,-0.000000,-1.000000, 0.000000,
              -5.670900, 3.040504,-6.273005, 1.000000;;
            }
            Frame root_RightBust_end {
              FrameTransformMatrix {
                 1.000000, 0.000000,-0.000000, 0.000000,
                 0.000000, 1.000000, 0.000000, 0.000000,
                 0.000000, 0.000000, 1.000000, 0.000000,
                -0.000000, 8.993397,-0.000002, 1.000000;;
              }
            } // End of root_RightBust_end
          } // End of root_RightBust
          Frame root_Spine02 {
            FrameTransformMatrix {
               1.000000,-0.000000, 0.000000, 0.000000,
              -0.000000,-0.000000,-1.000000, 0.000000,
              -0.000000, 1.000000, 0.000000, 0.000000,
              -0.000000,-2.499997,-9.500003, 1.000000;;
            }
            Frame root_HoodMain01 {
              FrameTransformMatrix {
                 1.000000,-0.000000,-0.000000, 0.000000,
                 0.000000,-1.000000, 0.000000, 0.000000,
                -0.000000, 0.000000,-1.000000, 0.000000,
                -0.000001, 1.000008,-9.465894, 1.000000;;
              }
              Frame root_HoodMain02 {
                FrameTransformMatrix {
                   1.000000,-0.000000,-0.000000, 0.000000,
                   0.000000, 1.000000,-0.000000, 0.000000,
                   0.000000,-0.000000, 1.000000, 0.000000,
                   0.000000, 4.099990,-0.299998, 1.000000;;
                }
                Frame root_HoodMain02_end {
                  FrameTransformMatrix {
                     1.000000,-0.000000, 0.000000, 0.000000,
                     0.000000, 1.000000,-0.000000, 0.000000,
                     0.000000,-0.000000, 1.000000, 0.000000,
                     0.000000, 4.110997,-0.000001, 1.000000;;
                  }
                } // End of root_HoodMain02_end
              } // End of root_HoodMain02
            } // End of root_HoodMain01
            Frame root_HoodSubCenter {
              FrameTransformMatrix {
                 1.000000,-0.000000,-0.000000, 0.000000,
                -0.000000, 1.000000,-0.000000, 0.000000,
                -0.000000,-0.000000, 1.000000, 0.000000,
                -0.000001, 3.500006,-14.765892, 1.000000;;
              }
              Frame root_HoodSubCenter_end {
                FrameTransformMatrix {
                   1.000000,-0.000000,-0.000000, 0.000000,
                  -0.000000, 1.000000,-0.000000, 0.000000,
                  -0.000000,-0.000000, 1.000000, 0.000000,
                  -0.000000,11.385099, 0.000001, 1.000000;;
                }
              } // End of root_HoodSubCenter_end
            } // End of root_HoodSubCenter
            Frame root_HoodSubLeftA01 {
              FrameTransformMatrix {
                 1.000000,-0.000000,-0.000000, 0.000000,
                -0.000000, 1.000000,-0.000000, 0.000000,
                -0.000000,-0.000000, 1.000000, 0.000000,
                 3.699999, 4.100008,-14.265895, 1.000000;;
              }
              Frame root_HoodSubLeftA01_end {
                FrameTransformMatrix {
                   1.000000,-0.000000,-0.000000, 0.000000,
                  -0.000000, 1.000000,-0.000000, 0.000000,
                  -0.000000,-0.000000, 1.000000, 0.000000,
                  -0.000001,11.385102, 0.000003, 1.000000;;
                }
              } // End of root_HoodSubLeftA01_end
            } // End of root_HoodSubLeftA01
            Frame root_HoodSubLeftB01 {
              FrameTransformMatrix {
                 1.000000,-0.000000,-0.000000, 0.000000,
                -0.000000, 1.000000,-0.000000, 0.000000,
                -0.000000,-0.000000, 1.000000, 0.000000,
                 6.499999, 4.700008,-12.565894, 1.000000;;
              }
              Frame root_HoodSubLeftB01_end {
                FrameTransformMatrix {
                   1.000000,-0.000000,-0.000000, 0.000000,
                  -0.000000, 1.000000,-0.000000, 0.000000,
                  -0.000000,-0.000000, 1.000000, 0.000000,
                   0.000000,11.385113,-0.000002, 1.000000;;
                }
              } // End of root_HoodSubLeftB01_end
            } // End of root_HoodSubLeftB01
            Frame root_HoodSubRightA01 {
              FrameTransformMatrix {
                 1.000000,-0.000000, 0.000000, 0.000000,
                 0.000000,-1.000000,-0.000000, 0.000000,
                 0.000000, 0.000000,-1.000000, 0.000000,
                -3.700001, 4.100004,-14.265895, 1.000000;;
              }
              Frame root_HoodSubRightA01_end {
                FrameTransformMatrix {
                   1.000000, 0.000000, 0.000000, 0.000000,
                   0.000000, 1.000000,-0.000000, 0.000000,
                  -0.000000, 0.000000, 1.000000, 0.000000,
                  -0.000000,11.385097,-0.000003, 1.000000;;
                }
              } // End of root_HoodSubRightA01_end
            } // End of root_HoodSubRightA01
            Frame root_HoodSubRightB01 {
              FrameTransformMatrix {
                 1.000000,-0.000000, 0.000000, 0.000000,
                 0.000000,-1.000000,-0.000000, 0.000000,
                 0.000000, 0.000000,-1.000000, 0.000000,
                -6.500001, 4.700003,-12.565896, 1.000000;;
              }
              Frame root_HoodSubRightB01_end {
                FrameTransformMatrix {
                   1.000000, 0.000000, 0.000000, 0.000000,
                   0.000000, 1.000000,-0.000000, 0.000000,
                  -0.000000, 0.000000, 1.000000, 0.000000,
                  -0.000000,11.385096,-0.000008, 1.000000;;
                }
              } // End of root_HoodSubRightB01_end
            } // End of root_HoodSubRightB01
            Frame root_LeftShoulder {
              FrameTransformMatrix {
                 0.189784, 0.981631, 0.019579, 0.000000,
                 0.968818,-0.183997,-0.165943, 0.000000,
                -0.159292, 0.050462,-0.985941, 0.000000,
                 5.000000, 4.500001,-3.999995, 1.000000;;
              }
              Frame root_LeftArm {
                FrameTransformMatrix {
                   0.451312, 0.889588,-0.070359, 0.000000,
                  -0.613857, 0.366717, 0.699070, 0.000000,
                   0.647686,-0.272308, 0.711583, 0.000000,
                  -1.000001, 5.000001,-0.000004, 1.000000;;
                }
                Frame root_LeftForeArm {
                  FrameTransformMatrix {
                     1.000000, 0.000000,-0.000000, 0.000000,
                    -0.000000, 0.412266,-0.911063, 0.000000,
                     0.000000, 0.911063, 0.412267, 0.000000,
                    -0.000004,18.000000, 0.000003, 1.000000;;
                  }
                  Frame root_LeftHand {
                    FrameTransformMatrix {
                       0.929477,-0.291841,-0.225612, 0.000000,
                       0.268427, 0.954625,-0.128991, 0.000000,
                       0.253019, 0.059334, 0.965640, 0.000000,
                      -0.000001,20.500004,-0.000003, 1.000000;;
                    }
                    Frame root_LeftHandIndex1 {
                      FrameTransformMatrix {
                         0.903541, 0.419146,-0.089050, 0.000000,
                        -0.424802, 0.848941,-0.314393, 0.000000,
                        -0.056178, 0.321896, 0.945107, 0.000000,
                         0.100001, 8.499999,-3.099999, 1.000000;;
                      }
                      Frame root_LeftHandIndex2 {
                        FrameTransformMatrix {
                           0.196060, 0.978031, 0.070820, 0.000000,
                          -0.978031, 0.189821, 0.086156, 0.000000,
                           0.070820,-0.086156, 0.993761, 0.000000,
                           0.000003, 2.599994,-0.000001, 1.000000;;
                        }
                        Frame root_LeftHandIndex3 {
                          FrameTransformMatrix {
                             0.862026, 0.506718, 0.012154, 0.000000,
                            -0.506718, 0.860956, 0.044637, 0.000000,
                             0.012154,-0.044637, 0.998929, 0.000000,
                             0.000002, 3.000000, 0.000000, 1.000000;;
                          }
                          Frame root_LeftHandIndex3_end {
                            FrameTransformMatrix {
                               1.000000,-0.000000, 0.000000, 0.000000,
                               0.000000, 1.000000,-0.000000, 0.000000,
                              -0.000000, 0.000000, 1.000000, 0.000000,
                               0.000002, 2.999998, 0.000001, 1.000000;;
                            }
                          } // End of root_LeftHandIndex3_end
                        } // End of root_LeftHandIndex3
                      } // End of root_LeftHandIndex2
                    } // End of root_LeftHandIndex1
                    Frame root_LeftHandMiddle1 {
                      FrameTransformMatrix {
                         0.703168, 0.709700,-0.043362, 0.000000,
                        -0.706585, 0.690674,-0.153969, 0.000000,
                        -0.079323, 0.138906, 0.987124, 0.000000,
                         0.500000, 8.500006,-1.200001, 1.000000;;
                      }
                      Frame root_LeftHandMiddle2 {
                        FrameTransformMatrix {
                           0.407644, 0.911649, 0.052181, 0.000000,
                          -0.911649, 0.403047, 0.080308, 0.000000,
                           0.052181,-0.080308, 0.995403, 0.000000,
                           0.000000, 3.000004,-0.000004, 1.000000;;
                        }
                        Frame root_LeftHandMiddle3 {
                          FrameTransformMatrix {
                             0.833340, 0.552566, 0.014681, 0.000000,
                            -0.552566, 0.832047, 0.048676, 0.000000,
                             0.014681,-0.048676, 0.998707, 0.000000,
                            -0.000004, 3.000004, 0.000002, 1.000000;;
                          }
                          Frame root_LeftHandMiddle3_end {
                            FrameTransformMatrix {
                               1.000000, 0.000000,-0.000000, 0.000000,
                               0.000000, 1.000000,-0.000000, 0.000000,
                               0.000000,-0.000000, 1.000000, 0.000000,
                               0.000001, 3.000000, 0.000002, 1.000000;;
                            }
                          } // End of root_LeftHandMiddle3_end
                        } // End of root_LeftHandMiddle3
                      } // End of root_LeftHandMiddle2
                    } // End of root_LeftHandMiddle1
                    Frame root_LeftHandPinky1 {
                      FrameTransformMatrix {
                         0.582494, 0.811785,-0.041299, 0.000000,
                        -0.812075, 0.579002,-0.072737, 0.000000,
                        -0.035135, 0.075907, 0.996496, 0.000000,
                        -0.000006, 7.800003, 2.599998, 1.000000;;
                      }
                      Frame root_LeftHandPinky2 {
                        FrameTransformMatrix {
                           0.538742, 0.841490, 0.040633, 0.000000,
                          -0.841490, 0.535163, 0.074128, 0.000000,
                           0.040633,-0.074128, 0.996420, 0.000000,
                           0.000004, 2.500009, 0.000003, 1.000000;;
                        }
                        Frame root_LeftHandPinky3 {
                          FrameTransformMatrix {
                             0.831151, 0.555848, 0.014874, 0.000000,
                            -0.555848, 0.829841, 0.048965, 0.000000,
                             0.014874,-0.048965, 0.998690, 0.000000,
                            -0.000009, 2.285398, 0.000000, 1.000000;;
                          }
                          Frame root_LeftHandPinky3_end {
                            FrameTransformMatrix {
                               1.000000, 0.000000,-0.000000, 0.000000,
                               0.000000, 1.000000, 0.000000, 0.000000,
                               0.000000,-0.000000, 1.000000, 0.000000,
                               0.000000, 2.285399, 0.000000, 1.000000;;
                            }
                          } // End of root_LeftHandPinky3_end
                        } // End of root_LeftHandPinky3
                      } // End of root_LeftHandPinky2
                    } // End of root_LeftHandPinky1
                    Frame root_LeftHandRing1 {
                      FrameTransformMatrix {
                         0.659607, 0.750385,-0.042915, 0.000000,
                        -0.748904, 0.651317,-0.122186, 0.000000,
                        -0.063735, 0.112733, 0.991579, 0.000000,
                         0.400002, 8.300005, 0.800000, 1.000000;;
                      }
                      Frame root_LeftHandRing2 {
                        FrameTransformMatrix {
                           0.230432, 0.970724, 0.067792, 0.000000,
                          -0.970724, 0.224460, 0.085512, 0.000000,
                           0.067792,-0.085512, 0.994028, 0.000000,
                          -0.000000, 2.911008, 0.000002, 1.000000;;
                        }
                        Frame root_LeftHandRing3 {
                          FrameTransformMatrix {
                             0.876639, 0.481025, 0.010867, 0.000000,
                            -0.481025, 0.875682, 0.042374, 0.000000,
                             0.010867,-0.042374, 0.999043, 0.000000,
                             0.000001, 2.760394, 0.000001, 1.000000;;
                          }
                          Frame root_LeftHandRing3_end {
                            FrameTransformMatrix {
                               1.000000, 0.000000, 0.000000, 0.000000,
                              -0.000000, 1.000000, 0.000000, 0.000000,
                               0.000000,-0.000000, 1.000000, 0.000000,
                              -0.000003, 2.760394, 0.000002, 1.000000;;
                            }
                          } // End of root_LeftHandRing3_end
                        } // End of root_LeftHandRing3
                      } // End of root_LeftHandRing2
                    } // End of root_LeftHandRing1
                    Frame root_LeftHandThumb1 {
                      FrameTransformMatrix {
                         0.081908,-0.649477,-0.755957, 0.000000,
                        -0.055768, 0.754330,-0.654122, 0.000000,
                         0.995078, 0.095736, 0.025566, 0.000000,
                        -1.099999, 3.100006,-3.600000, 1.000000;;
                      }
                      Frame root_LeftHandThumb2 {
                        FrameTransformMatrix {
                           0.660390, 0.498890, 0.561243, 0.000000,
                          -0.468461, 0.857840,-0.211317, 0.000000,
                          -0.586881,-0.123369, 0.800219, 0.000000,
                          -0.000002, 3.200007,-0.000002, 1.000000;;
                        }
                        Frame root_LeftHandThumb3 {
                          FrameTransformMatrix {
                             0.835106,-0.515442,-0.192138, 0.000000,
                             0.518379, 0.854276,-0.038658, 0.000000,
                             0.184065,-0.067316, 0.980606, 0.000000,
                            -0.000000, 3.400003,-0.000001, 1.000000;;
                          }
                          Frame root_LeftHandThumb3_end {
                            FrameTransformMatrix {
                               1.000000, 0.000000, 0.000000, 0.000000,
                              -0.000000, 1.000000, 0.000000, 0.000000,
                              -0.000000,-0.000000, 1.000000, 0.000000,
                              -0.000003, 3.399997, 0.000003, 1.000000;;
                            }
                          } // End of root_LeftHandThumb3_end
                        } // End of root_LeftHandThumb3
                      } // End of root_LeftHandThumb2
                    } // End of root_LeftHandThumb1
                  } // End of root_LeftHand
                } // End of root_LeftForeArm
              } // End of root_LeftArm
            } // End of root_LeftShoulder
            Frame root_Neck {
              FrameTransformMatrix {
                 0.995569, 0.054164,-0.076865, 0.000000,
                -0.060647, 0.994561,-0.084678, 0.000000,
                 0.071860, 0.088964, 0.993439, 0.000000,
                -0.000001, 6.300011,-1.599992, 1.000000;;
              }
              Frame root_Head {
                FrameTransformMatrix {
                   0.994802,-0.092577,-0.042410, 0.000000,
                   0.066506, 0.906072,-0.417863, 0.000000,
                   0.077111, 0.412871, 0.907519, 0.000000,
                   0.000000, 4.699993, 0.699996, 1.000000;;
                }
                Frame root_Hair {
                  FrameTransformMatrix {
                     0.000000, 1.000000, 0.000000, 0.000000,
                     1.000000,-0.000000,-0.000000, 0.000000,
                     0.000000, 0.000000,-1.000000, 0.000000,
                    -0.000000,10.499996,-1.999999, 1.000000;;
                  }
                  Frame root_HairBackA01 {
                    FrameTransformMatrix {
                       1.000000, 0.000000,-0.000000, 0.000000,
                       0.000000, 1.000000, 0.000000, 0.000000,
                       0.000000, 0.000000, 1.000000, 0.000000,
                       9.000011,10.799997, 6.465900, 1.000000;;
                    }
                    Frame root_HairBackA02 {
                      FrameTransformMatrix {
                         1.000000, 0.000000,-0.000000, 0.000000,
                         0.000000, 1.000000,-0.000000, 0.000000,
                         0.000000, 0.000000, 1.000000, 0.000000,
                         2.000006, 4.500001, 3.199999, 1.000000;;
                      }
                      Frame root_HairBackA03 {
                        FrameTransformMatrix {
                           1.000000,-0.000000,-0.000000, 0.000000,
                           0.000000, 1.000000, 0.000000, 0.000000,
                           0.000000,-0.000000, 1.000000, 0.000000,
                           0.400007, 4.300001, 2.899999, 1.000000;;
                        }
                        Frame root_HairBackA04 {
                          FrameTransformMatrix {
                             1.000000,-0.000001,-0.000000, 0.000000,
                             0.000001, 1.000000,-0.000000, 0.000000,
                             0.000000, 0.000000, 1.000000, 0.000000,
                             0.000007, 4.399999, 3.300000, 1.000000;;
                          }
                          Frame root_HairBackA04_end {
                            FrameTransformMatrix {
                               1.000000, 0.000000,-0.000000, 0.000000,
                               0.000000, 1.000000, 0.000000, 0.000000,
                               0.000000,-0.000000, 1.000000, 0.000000,
                               0.000010, 5.500003,-0.000001, 1.000000;;
                            }
                          } // End of root_HairBackA04_end
                        } // End of root_HairBackA04
                      } // End of root_HairBackA03
                    } // End of root_HairBackA02
                  } // End of root_HairBackA01
                  Frame root_HairBackB01 {
                    FrameTransformMatrix {
                       0.000000, 1.000000, 0.000000, 0.000000,
                      -1.000000, 0.000000,-0.000000, 0.000000,
                      -0.000000,-0.000000, 1.000000, 0.000000,
                       1.600010,13.599999, 6.865899, 1.000000;;
                    }
                    Frame root_HairBackB02 {
                      FrameTransformMatrix {
                         1.000000, 0.000000,-0.000000, 0.000000,
                        -0.000000, 1.000000, 0.000000, 0.000000,
                         0.000000,-0.000000, 1.000000, 0.000000,
                         0.100001, 4.500001,-0.799999, 1.000000;;
                      }
                      Frame root_HairBackB03 {
                        FrameTransformMatrix {
                           1.000000,-0.000000, 0.000000, 0.000000,
                           0.000000, 1.000000,-0.000000, 0.000000,
                          -0.000000, 0.000000, 1.000000, 0.000000,
                           0.700002, 5.699995, 0.199999, 1.000000;;
                        }
                        Frame root_HairBackB04 {
                          FrameTransformMatrix {
                             1.000000,-0.000000, 0.000000, 0.000000,
                             0.000000, 1.000000, 0.000000, 0.000000,
                            -0.000000,-0.000000, 1.000000, 0.000000,
                             1.499999, 4.199977, 1.100000, 1.000000;;
                          }
                          Frame root_HairBackB04_end {
                            FrameTransformMatrix {
                               1.000000,-0.000000, 0.000000, 0.000000,
                               0.000000, 1.000000, 0.000000, 0.000000,
                              -0.000000,-0.000000, 1.000000, 0.000000,
                               0.000000, 4.593504,-0.000000, 1.000000;;
                            }
                          } // End of root_HairBackB04_end
                        } // End of root_HairBackB04
                      } // End of root_HairBackB03
                    } // End of root_HairBackB02
                  } // End of root_HairBackB01
                  Frame root_HairBackC01 {
                    FrameTransformMatrix {
                       0.000000, 1.000000, 0.000000, 0.000000,
                      -1.000000, 0.000000, 0.000000, 0.000000,
                       0.000000,-0.000000, 1.000000, 0.000000,
                       1.600009,12.499999, 9.265898, 1.000000;;
                    }
                    Frame root_HairBackC02 {
                      FrameTransformMatrix {
                         1.000000,-0.000000, 0.000000, 0.000000,
                         0.000000, 1.000000,-0.000000, 0.000000,
                        -0.000000, 0.000000, 1.000000, 0.000000,
                         1.600000, 4.300002,-0.200001, 1.000000;;
                      }
                      Frame root_HairBackC03 {
                        FrameTransformMatrix {
                           1.000000, 0.000000, 0.000000, 0.000000,
                           0.000000, 1.000000, 0.000000, 0.000000,
                          -0.000000,-0.000000, 1.000000, 0.000000,
                           1.700000, 4.000001, 0.199999, 1.000000;;
                        }
                        Frame root_HairBackC04 {
                          FrameTransformMatrix {
                            -0.000001,-1.000000,-0.000000, 0.000000,
                             1.000000,-0.000001,-0.000000, 0.000000,
                             0.000000,-0.000000, 1.000000, 0.000000,
                             2.900001, 3.899990, 1.400000, 1.000000;;
                          }
                          Frame root_HairBackC05 {
                            FrameTransformMatrix {
                               1.000000, 0.000001,-0.000000, 0.000000,
                              -0.000001, 1.000000,-0.000000, 0.000000,
                               0.000000, 0.000000, 1.000000, 0.000000,
                              -2.399996, 4.200002, 2.299998, 1.000000;;
                            }
                            Frame root_HairBackC06 {
                              FrameTransformMatrix {
