xof 0303txt 0032

template XSkinMeshHeader {
  <3cf169ce-ff7c-44ab-93c0-f78f62d172e2>
  WORD nMaxSkinWeightsPerVertex;
  WORD nMaxSkinWeightsPerFace;
  WORD nBones;
}

template SkinWeights {
  <6f0d123b-bad2-4167-a0d0-80224f25fabb>
  STRING transformNodeName;
  DWORD nWeights;
  array DWORD vertexIndices[nWeights];
  array float weights[nWeights];
  Matrix4x4 matrixOffset;
}

Frame Root {
  FrameTransformMatrix {
     1.000000, 0.000000, 0.000000, 0.000000,
     0.000000,-0.000000,-1.000000, 0.000000,
     0.000000, 1.000000,-0.000000, 0.000000,
     0.000000, 0.000000, 0.000000, 1.000000;;
  }
  Frame root {
    FrameTransformMatrix {
       0.010000, 0.000000, 0.000000, 0.000000,
       0.000000,-0.000000, 0.010000, 0.000000,
       0.000000,-0.010000,-0.000000, 0.000000,
       0.000000, 0.000000, 0.000000, 1.000000;;
    }
    Frame root_Hips {
      FrameTransformMatrix {
         0.769049,-0.169654, 0.616264, 0.000000,
         0.632530, 0.340811,-0.695524, 0.000000,
        -0.092031, 0.924697, 0.369412, 0.000000,
         0.412392,68.337006,-0.716107, 1.000000;;
      }
      Frame root_BagHead {
        FrameTransformMatrix {
          -0.000000, 0.000000, 1.000000, 0.000000,
           1.000000,-0.000000,-0.000000, 0.000000,
           0.000000, 1.000000,-0.000000, 0.000000,
          -0.000000, 7.465900, 3.999996, 1.000000;;
        }
        Frame root_BagFastenerHead {
          FrameTransformMatrix {
             1.000000, 0.000000, 0.000000, 0.000000,
             0.000000, 1.000000,-0.000000, 0.000000,
            -0.000000, 0.000000, 1.000000, 0.000000,
             5.209190,12.639000, 4.420899, 1.000000;;
          }
          Frame root_BagFastenerHead_end {
            FrameTransformMatrix {
               1.000000, 0.000000, 0.000000, 0.000000,
               0.000000, 1.000000, 0.000000, 0.000000,
               0.000000, 0.000000, 1.000000, 0.000000,
               0.000001,16.559904, 0.000002, 1.000000;;
            }
          } // End of root_BagFastenerHead_end
        } // End of root_BagFastenerHead
        Frame root_BagNeck {
          FrameTransformMatrix {
            -0.000001, 1.000000,-0.000000, 0.000000,
            -1.000000,-0.000001,-0.000000, 0.000000,
            -0.000000, 0.000000, 1.000000, 0.000000,
            -15.400012, 0.000000,10.699998, 1.000000;;
          }
          Frame root_BagFastenerNeck {
            FrameTransformMatrix {
               1.000000,-0.000000, 0.000000, 0.000000,
               0.000000, 1.000000, 0.000000, 0.000000,
               0.000000,-0.000000, 1.000000, 0.000000,
               0.000002, 0.700004,-1.600000, 1.000000;;
            }
            Frame root_BagFastenerNeck_end {
              FrameTransformMatrix {
                 1.000000, 0.000000, 0.000000, 0.000000,
                 0.000000, 1.000000, 0.000000, 0.000000,
                 0.000000,-0.000000, 1.000000, 0.000000,
                 0.000000, 3.654500,-0.000000, 1.000000;;
              }
            } // End of root_BagFastenerNeck_end
          } // End of root_BagFastenerNeck
          Frame root_BagLeftHand01 {
            FrameTransformMatrix {
              -0.000001,-1.000000, 0.000000, 0.000000,
               1.000000,-0.000001, 0.000000, 0.000000,
              -0.000000, 0.000000, 1.000000, 0.000000,
               4.400002, 1.699997, 0.600004, 1.000000;;
            }
            Frame root_BagLeftHand02 {
              FrameTransformMatrix {
                 1.000000,-0.000000, 0.000000, 0.000000,
                 0.000000, 1.000000,-0.000000, 0.000000,
                -0.000000, 0.000000, 1.000000, 0.000000,
                -2.200005, 2.699999, 0.600002, 1.000000;;
              }
              Frame root_BagLeftHand02_end {
                FrameTransformMatrix {
                   1.000000, 0.000001,-0.000000, 0.000000,
                  -0.000001, 1.000000, 0.000000, 0.000000,
                   0.000000,-0.000000, 1.000000, 0.000000,
                   0.000001, 3.534103,-0.000001, 1.000000;;
                }
              } // End of root_BagLeftHand02_end
            } // End of root_BagLeftHand02
          } // End of root_BagLeftHand01
          Frame root_BagRightHand01 {
            FrameTransformMatrix {
               0.000001, 1.000000,-0.000000, 0.000000,
              -1.000000, 0.000001,-0.000000, 0.000000,
              -0.000000, 0.000000, 1.000000, 0.000000,
              -4.400000, 1.700002, 0.600002, 1.000000;;
            }
            Frame root_BagRightHand02 {
              FrameTransformMatrix {
                 1.000000,-0.000000, 0.000000, 0.000000,
                 0.000000, 1.000000,-0.000001, 0.000000,
                 0.000000, 0.000000, 1.000000, 0.000000,
                 2.199998, 2.700000, 0.600003, 1.000000;;
              }
              Frame root_BagRightHand02_end {
                FrameTransformMatrix {
                   1.000000, 0.000000,-0.000000, 0.000000,
                  -0.000000, 1.000000, 0.000000, 0.000000,
                  -0.000000,-0.000000, 1.000000, 0.000000,
                  -0.000003, 3.534101,-0.000000, 1.000000;;
                }
              } // End of root_BagRightHand02_end
            } // End of root_BagRightHand02
          } // End of root_BagRightHand01
          Frame root_BagSpine {
            FrameTransformMatrix {
               1.000000,-0.000000, 0.000000, 0.000000,
               0.000000, 1.000000, 0.000000, 0.000000,
               0.000000,-0.000000, 1.000000, 0.000000,
               0.000001, 3.099997, 1.300001, 1.000000;;
            }
            Frame root_BagHip {
              FrameTransformMatrix {
                -0.000000,-1.000000, 0.000000, 0.000000,
                 1.000000,-0.000000, 0.000000, 0.000000,
                -0.000000, 0.000000, 1.000000, 0.000000,
                 0.000001, 3.999997, 1.800007, 1.000000;;
              }
              Frame root_BagLeftLeg01 {
                FrameTransformMatrix {
                  -0.000000, 1.000000,-0.000000, 0.000000,
                  -1.000000,-0.000000, 0.000000, 0.000000,
                   0.000000, 0.000000, 1.000000, 0.000000,
                  -2.700003, 2.999999, 0.799995, 1.000000;;
                }
                Frame root_BagLeftLeg02 {
                  FrameTransformMatrix {
                     1.000000, 0.000000,-0.000000, 0.000000,
                     0.000000, 1.000000,-0.000000, 0.000000,
                     0.000000,-0.000000, 1.000000, 0.000000,
                     1.000001, 2.500005, 1.799997, 1.000000;;
                  }
                  Frame root_BagLeftLeg02_end {
                    FrameTransformMatrix {
                       1.000000,-0.000000,-0.000000, 0.000000,
                       0.000000, 1.000000, 0.000000, 0.000000,
                       0.000000,-0.000000, 1.000000, 0.000000,
                       0.000001, 3.238803,-0.000003, 1.000000;;
                    }
                  } // End of root_BagLeftLeg02_end
                } // End of root_BagLeftLeg02
              } // End of root_BagLeftLeg01
              Frame root_BagRightLeg01 {
                FrameTransformMatrix {
                   0.000000, 1.000000,-0.000000, 0.000000,
                  -1.000000, 0.000000, 0.000000, 0.000000,
                   0.000000, 0.000000, 1.000000, 0.000000,
                  -2.700002,-3.000000, 0.799995, 1.000000;;
                }
                Frame root_BagRightLeg02 {
                  FrameTransformMatrix {
                     1.000000, 0.000000, 0.000000, 0.000000,
                    -0.000000, 1.000000,-0.000000, 0.000000,
                    -0.000000, 0.000000, 1.000000, 0.000000,
                    -1.000001, 2.500002, 1.799999, 1.000000;;
                  }
                  Frame root_BagRightLeg02_end {
                    FrameTransformMatrix {
                       1.000000, 0.000000, 0.000000, 0.000000,
                      -0.000000, 1.000000, 0.000000, 0.000000,
                      -0.000000,-0.000000, 1.000000, 0.000000,
                       0.000001, 3.238803, 0.000004, 1.000000;;
                    }
                  } // End of root_BagRightLeg02_end
                } // End of root_BagRightLeg02
              } // End of root_BagRightLeg01
            } // End of root_BagHip
          } // End of root_BagSpine
        } // End of root_BagNeck
      } // End of root_BagHead
      Frame root_LeftUpLeg {
        FrameTransformMatrix {
           0.795578, 0.605681,-0.014337, 0.000000,
           0.506990,-0.678527,-0.531566, 0.000000,
          -0.331688, 0.415634,-0.846895, 0.000000,
           6.500000, 0.499998,-3.500006, 1.000000;;
        }
        Frame root_LeftLeg {
          FrameTransformMatrix {
             0.903269, 0.411424, 0.121800, 0.000000,
            -0.043648,-0.194288, 0.979973, 0.000000,
             0.426849,-0.890496,-0.157536, 0.000000,
             0.000001,27.500002, 0.999999, 1.000000;;
          }
          Frame root_BootsLeft01 {
            FrameTransformMatrix {
               1.000000, 0.000000,-0.000000, 0.000000,
              -0.000000,-1.000000,-0.000000, 0.000000,
              -0.000000, 0.000000,-1.000000, 0.000000,
               0.473103,22.674500, 3.399998, 1.000000;;
            }
            Frame root_BootsLeft02 {
              FrameTransformMatrix {
                 1.000000, 0.000000,-0.000000, 0.000000,
                -0.000000, 1.000000,-0.000000, 0.000000,
                 0.000000, 0.000000, 1.000000, 0.000000,
                 0.000000, 4.000000, 0.000003, 1.000000;;
              }
              Frame root_BootsLeft02_end {
                FrameTransformMatrix {
                   1.000000, 0.000000,-0.000000, 0.000000,
                  -0.000000, 1.000000, 0.000000, 0.000000,
                   0.000000, 0.000000, 1.000000, 0.000000,
                   0.000001, 3.999999, 0.000002, 1.000000;;
                }
              } // End of root_BootsLeft02_end
            } // End of root_BootsLeft02
          } // End of root_BootsLeft01
          Frame root_LeftFoot {
            FrameTransformMatrix {
               0.996799,-0.079460,-0.008809, 0.000000,
               0.031725, 0.494289,-0.868719, 0.000000,
               0.073382, 0.865659, 0.495227, 0.000000,
               0.000002,35.499996, 2.500000, 1.000000;;
            }
            Frame root_LeftToe {
              FrameTransformMatrix {
                 1.000000, 0.000000, 0.000000, 0.000000,
                -0.000000, 1.000000, 0.000000, 0.000000,
                 0.000000,-0.000000, 1.000000, 0.000000,
                 0.000000, 9.500000, 8.500002, 1.000000;;
              }
              Frame root_LeftToe_end {
                FrameTransformMatrix {
                   1.000000,-0.000000, 0.000000, 0.000000,
                  -0.000000, 1.000000,-0.000000, 0.000000,
                  -0.000000, 0.000000, 1.000000, 0.000000,
                  -0.000001,12.747499,-0.000001, 1.000000;;
                }
              } // End of root_LeftToe_end
            } // End of root_LeftToe
          } // End of root_LeftFoot
        } // End of root_LeftLeg
      } // End of root_LeftUpLeg
      Frame root_RightUpLeg {
        FrameTransformMatrix {
           0.988079, 0.122052,-0.093823, 0.000000,
          -0.015732,-0.526211,-0.850208, 0.000000,
          -0.153140, 0.841549,-0.518019, 0.000000,
          -6.500000, 0.499997,-3.500007, 1.000000;;
        }
        Frame root_RightLeg {
          FrameTransformMatrix {
             0.995384,-0.061775, 0.073444, 0.000000,
             0.000475, 0.768448, 0.639912, 0.000000,
            -0.095968,-0.636924, 0.764930, 0.000000,
             0.000000,27.500000, 1.000000, 1.000000;;
          }
          Frame root_BootsRight01 {
            FrameTransformMatrix {
               1.000000, 0.000000, 0.000000, 0.000000,
              -0.000000, 1.000000,-0.000000, 0.000000,
              -0.000000, 0.000000, 1.000000, 0.000000,
              -0.473100,22.674500, 3.400001, 1.000000;;
            }
            Frame root_BootsRight02 {
              FrameTransformMatrix {
                 1.000000, 0.000000, 0.000000, 0.000000,
                -0.000000, 1.000000, 0.000000, 0.000000,
                 0.000000,-0.000000, 1.000000, 0.000000,
                 0.000001, 4.000001, 0.000001, 1.000000;;
              }
              Frame root_BootsRight02_end {
                FrameTransformMatrix {
                   1.000000, 0.000000, 0.000000, 0.000000,
                  -0.000000, 1.000000,-0.000000, 0.000000,
                  -0.000000, 0.000000, 1.000000, 0.000000,
                   0.000001, 4.000001,-0.000000, 1.000000;;
                }
              } // End of root_BootsRight02_end
            } // End of root_BootsRight02
          } // End of root_BootsRight01
          Frame root_RightFoot {
            FrameTransformMatrix {
               0.978915,-0.203454, 0.018231, 0.000000,
              -0.041818,-0.286963,-0.957029, 0.000000,
               0.199943, 0.936087,-0.289420, 0.000000,
               0.000001,35.500000, 2.500000, 1.000000;;
            }
            Frame root_RightToe {
              FrameTransformMatrix {
                 1.000000, 0.000000, 0.000000, 0.000000,
                 0.000000, 1.000000, 0.000000, 0.000000,
                -0.000000,-0.000000, 1.000000, 0.000000,
                 0.000001, 9.500001, 8.500001, 1.000000;;
              }
              Frame root_RightToe_end {
                FrameTransformMatrix {
                   1.000000, 0.000000,-0.000000, 0.000000,
                  -0.000000, 1.000000,-0.000000, 0.000000,
                   0.000000, 0.000000, 1.000000, 0.000000,
                  -0.000000,12.747598,-0.000000, 1.000000;;
                }
              } // End of root_RightToe_end
            } // End of root_RightToe
          } // End of root_RightFoot
        } // End of root_RightLeg
      } // End of root_RightUpLeg
      Frame root_Spine {
        FrameTransformMatrix {
           0.999993, 0.003375, 0.001317, 0.000000,
          -0.000378,-0.264445, 0.964401, 0.000000,
           0.003603,-0.964395,-0.264443, 0.000000,
           0.000000,-1.500001, 8.999996, 1.000000;;
        }
        Frame root_Spine01 {
          FrameTransformMatrix {
             1.000000,-0.000000, 0.000000, 0.000000,
            -0.000000, 0.000000, 1.000000, 0.000000,
            -0.000000,-1.000000, 0.000000, 0.000000,
            -0.000001, 9.000008, 0.500001, 1.000000;;
          }
          Frame root_FastenerFront {
            FrameTransformMatrix {
               1.000000, 0.000000, 0.000000, 0.000000,
              -0.000000, 1.000000, 0.000000, 0.000000,
              -0.000000, 0.000000, 1.000000, 0.000000,
               2.772099, 6.630999, 3.900293, 1.000000;;
            }
            Frame root_FastenerFront_end {
              FrameTransformMatrix {
                 1.000000, 0.000000, 0.000000, 0.000000,
                -0.000000, 1.000000, 0.000000, 0.000000,
                -0.000000, 0.000000, 1.000000, 0.000000,
                -0.000000, 8.993401,-0.000005, 1.000000;;
              }
            } // End of root_FastenerFront_end
          } // End of root_FastenerFront
          Frame root_LeftBust {
            FrameTransformMatrix {
               1.000000, 0.000000, 0.000000, 0.000000,
              -0.000000, 1.000000, 0.000000, 0.000000,
              -0.000000, 0.000000, 1.000000, 0.000000,
               5.670900, 3.040500,-6.273207, 1.000000;;
            }
            Frame root_LeftBust_end {
              FrameTransformMatrix {
                 1.000000, 0.000000, 0.000000, 0.000000,
                -0.000000, 1.000000, 0.000000, 0.000000,
                -0.000000, 0.000000, 1.000000, 0.000000,
                 0.000001, 8.993395,-0.000005, 1.000000;;
              }
            } // End of root_LeftBust_end
          } // End of root_LeftBust
          Frame root_RightBust {
            FrameTransformMatrix {
               1.000000, 0.000000,-0.000000, 0.000000,
               0.000000,-1.000000, 0.000000, 0.000000,
              -0.000000,-0.000000,-1.000000, 0.000000,
              -5.670900, 3.040499,-6.273003, 1.000000;;
            }
            Frame root_RightBust_end {
              FrameTransformMatrix {
                 1.000000, 0.000000,-0.000000, 0.000000,
                -0.000000, 1.000000,-0.000000, 0.000000,
                 0.000000, 0.000000, 1.000000, 0.000000,
                 0.000002, 8.993404,-0.000006, 1.000000;;
              }
            } // End of root_RightBust_end
          } // End of root_RightBust
          Frame root_Spine02 {
            FrameTransformMatrix {
               1.000000, 0.000000, 0.000000, 0.000000,
               0.000000,-0.000000,-1.000000, 0.000000,
              -0.000000, 1.000000, 0.000000, 0.000000,
               0.000000,-2.500000,-9.500007, 1.000000;;
            }
            Frame root_HoodMain01 {
              FrameTransformMatrix {
                 1.000000, 0.000000,-0.000000, 0.000000,
                -0.000000,-1.000000, 0.000000, 0.000000,
                -0.000000,-0.000000,-1.000000, 0.000000,
                 0.000000, 1.000004,-9.465904, 1.000000;;
              }
              Frame root_HoodMain02 {
                FrameTransformMatrix {
                   1.000000,-0.000000,-0.000000, 0.000000,
                   0.000000, 1.000000, 0.000000, 0.000000,
                   0.000000, 0.000000, 1.000000, 0.000000,
                   0.000000, 4.100003,-0.300006, 1.000000;;
                }
                Frame root_HoodMain02_end {
                  FrameTransformMatrix {
                     1.000000,-0.000000, 0.000000, 0.000000,
                     0.000000, 1.000000,-0.000000, 0.000000,
                     0.000000, 0.000000, 1.000000, 0.000000,
                    -0.000000, 4.111002,-0.000003, 1.000000;;
                  }
                } // End of root_HoodMain02_end
              } // End of root_HoodMain02
            } // End of root_HoodMain01
            Frame root_HoodSubCenter {
              FrameTransformMatrix {
                 1.000000,-0.000000, 0.000000, 0.000000,
                 0.000000, 1.000000,-0.000000, 0.000000,
                -0.000000, 0.000000, 1.000000, 0.000000,
                 0.000002, 3.499999,-14.765903, 1.000000;;
              }
              Frame root_HoodSubCenter_end {
                FrameTransformMatrix {
                   1.000000,-0.000000, 0.000000, 0.000000,
                   0.000000, 1.000000,-0.000000, 0.000000,
                  -0.000000, 0.000000, 1.000000, 0.000000,
                   0.000002,11.385111, 0.000002, 1.000000;;
                }
              } // End of root_HoodSubCenter_end
            } // End of root_HoodSubCenter
            Frame root_HoodSubLeftA01 {
              FrameTransformMatrix {
                 1.000000,-0.000000, 0.000000, 0.000000,
                 0.000000, 1.000000,-0.000000, 0.000000,
                -0.000000, 0.000000, 1.000000, 0.000000,
                 3.700001, 4.100003,-14.265905, 1.000000;;
              }
              Frame root_HoodSubLeftA01_end {
                FrameTransformMatrix {
                   1.000000,-0.000000, 0.000000, 0.000000,
                   0.000000, 1.000000,-0.000000, 0.000000,
                  -0.000000, 0.000000, 1.000000, 0.000000,
                  -0.000001,11.385108, 0.000003, 1.000000;;
                }
              } // End of root_HoodSubLeftA01_end
            } // End of root_HoodSubLeftA01
            Frame root_HoodSubLeftB01 {
              FrameTransformMatrix {
                 1.000000,-0.000000, 0.000000, 0.000000,
                 0.000000, 1.000000,-0.000000, 0.000000,
                -0.000000, 0.000000, 1.000000, 0.000000,
                 6.500001, 4.699998,-12.565904, 1.000000;;
              }
              Frame root_HoodSubLeftB01_end {
                FrameTransformMatrix {
                   1.000000,-0.000000, 0.000000, 0.000000,
                   0.000000, 1.000000,-0.000000, 0.000000,
                  -0.000000, 0.000000, 1.000000, 0.000000,
                  -0.000002,11.385105,-0.000002, 1.000000;;
                }
              } // End of root_HoodSubLeftB01_end
            } // End of root_HoodSubLeftB01
            Frame root_HoodSubRightA01 {
              FrameTransformMatrix {
                 1.000000,-0.000000, 0.000000, 0.000000,
                -0.000000,-1.000000,-0.000000, 0.000000,
                 0.000000, 0.000000,-1.000000, 0.000000,
                -3.699999, 4.100006,-14.265903, 1.000000;;
              }
              Frame root_HoodSubRightA01_end {
                FrameTransformMatrix {
                   1.000000, 0.000000, 0.000000, 0.000000,
                   0.000000, 1.000000,-0.000000, 0.000000,
                  -0.000000, 0.000000, 1.000000, 0.000000,
                  -0.000001,11.385105,-0.000003, 1.000000;;
                }
              } // End of root_HoodSubRightA01_end
            } // End of root_HoodSubRightA01
            Frame root_HoodSubRightB01 {
              FrameTransformMatrix {
                 1.000000,-0.000000, 0.000000, 0.000000,
                -0.000000,-1.000000,-0.000000, 0.000000,
                 0.000000, 0.000000,-1.000000, 0.000000,
                -6.499999, 4.700003,-12.565905, 1.000000;;
              }
              Frame root_HoodSubRightB01_end {
                FrameTransformMatrix {
                   1.000000, 0.000000, 0.000000, 0.000000,
                   0.000000, 1.000000,-0.000000, 0.000000,
                  -0.000000, 0.000000, 1.000000, 0.000000,
                   0.000002,11.385107, 0.000000, 1.000000;;
                }
              } // End of root_HoodSubRightB01_end
            } // End of root_HoodSubRightB01
            Frame root_LeftShoulder {
              FrameTransformMatrix {
                -0.144737, 0.985232, 0.091481, 0.000000,
                 0.907879, 0.095469, 0.408218, 0.000000,
                 0.393456, 0.142138,-0.908289, 0.000000,
                 5.000000, 4.500004,-4.000004, 1.000000;;
              }
              Frame root_LeftArm {
                FrameTransformMatrix {
                   0.590512, 0.806090, 0.038921, 0.000000,
                  -0.224893, 0.210682,-0.951334, 0.000000,
                  -0.775061, 0.553021, 0.305694, 0.000000,
                  -0.999993, 5.000000, 0.000004, 1.000000;;
                }
                Frame root_LeftForeArm {
                  FrameTransformMatrix {
                     0.854642,-0.496963,-0.150385, 0.000000,
                     0.000624, 0.290621,-0.956838, 0.000000,
                     0.519218, 0.817660, 0.248687, 0.000000,
                    -0.000001,18.000002, 0.000001, 1.000000;;
                  }
                  Frame root_LeftHand {
                    FrameTransformMatrix {
                       0.989776, 0.141828, 0.015114, 0.000000,
                      -0.142511, 0.979017, 0.145654, 0.000000,
                       0.005861,-0.146319, 0.989220, 0.000000,
                      -0.000008,20.500000,-0.000000, 1.000000;;
                    }
                    Frame root_LeftHandIndex1 {
                      FrameTransformMatrix {
                         0.238812, 0.921187,-0.307218, 0.000000,
                        -0.969225, 0.245588,-0.017022, 0.000000,
                         0.059769, 0.301828, 0.951487, 0.000000,
                         0.099997, 8.499998,-3.099988, 1.000000;;
                      }
                      Frame root_LeftHandIndex2 {
                        FrameTransformMatrix {
                           0.292720, 0.954313,-0.060015, 0.000000,
                          -0.955885, 0.293653, 0.007170, 0.000000,
                           0.024466, 0.055269, 0.998172, 0.000000,
                          -0.000004, 2.600000,-0.000006, 1.000000;;
                        }
                        Frame root_LeftHandIndex3 {
                          FrameTransformMatrix {
                             0.865142, 0.495708,-0.076180, 0.000000,
                            -0.495913, 0.868195, 0.017536, 0.000000,
                             0.074832, 0.022608, 0.996940, 0.000000,
                             0.000005, 3.000000, 0.000002, 1.000000;;
                          }
                          Frame root_LeftHandIndex3_end {
                            FrameTransformMatrix {
                               1.000000,-0.000000, 0.000000, 0.000000,
                               0.000000, 1.000000, 0.000000, 0.000000,
                              -0.000000,-0.000000, 1.000000, 0.000000,
                              -0.000006, 3.000005,-0.000003, 1.000000;;
                            }
                          } // End of root_LeftHandIndex3_end
                        } // End of root_LeftHandIndex3
                      } // End of root_LeftHandIndex2
                    } // End of root_LeftHandIndex1
                    Frame root_LeftHandMiddle1 {
                      FrameTransformMatrix {
                         0.243578, 0.969158,-0.037442, 0.000000,
                        -0.969724, 0.242661,-0.027404, 0.000000,
                        -0.017473, 0.042983, 0.998923, 0.000000,
                         0.499998, 8.500001,-1.199996, 1.000000;;
                      }
                      Frame root_LeftHandMiddle2 {
                        FrameTransformMatrix {
                           0.479323, 0.872744,-0.092561, 0.000000,
                          -0.875224, 0.483156, 0.023308, 0.000000,
                           0.065063, 0.069839, 0.995434, 0.000000,
                           0.000002, 3.000002, 0.000006, 1.000000;;
                        }
                        Frame root_LeftHandMiddle3 {
                          FrameTransformMatrix {
                             0.595854, 0.798645,-0.084410, 0.000000,
                            -0.797693, 0.600737, 0.052921, 0.000000,
                             0.092973, 0.035800, 0.995025, 0.000000,
                             0.000000, 3.000000, 0.000008, 1.000000;;
                          }
                          Frame root_LeftHandMiddle3_end {
                            FrameTransformMatrix {
                               1.000000, 0.000000,-0.000000, 0.000000,
                               0.000000, 1.000000, 0.000000, 0.000000,
                               0.000000,-0.000000, 1.000000, 0.000000,
                               0.000006, 2.999996, 0.000005, 1.000000;;
                            }
                          } // End of root_LeftHandMiddle3_end
                        } // End of root_LeftHandMiddle3
                      } // End of root_LeftHandMiddle2
                    } // End of root_LeftHandMiddle1
                    Frame root_LeftHandPinky1 {
                      FrameTransformMatrix {
                         0.606341, 0.733274, 0.307667, 0.000000,
                        -0.755664, 0.651802,-0.064223, 0.000000,
                        -0.247631,-0.193551, 0.949324, 0.000000,
                        -0.000007, 7.800001, 2.600008, 1.000000;;
                      }
                      Frame root_LeftHandPinky2 {
                        FrameTransformMatrix {
                           0.441153, 0.894101,-0.077250, 0.000000,
                          -0.887858, 0.447366, 0.107570, 0.000000,
                           0.130738, 0.021132, 0.991192, 0.000000,
                           0.000002, 2.500008,-0.000004, 1.000000;;
                        }
                        Frame root_LeftHandPinky3 {
                          FrameTransformMatrix {
                             0.905316, 0.401179,-0.139495, 0.000000,
                            -0.388909, 0.914989, 0.107449, 0.000000,
                             0.170743,-0.043025, 0.984376, 0.000000,
                             0.000000, 2.285398,-0.000000, 1.000000;;
                          }
                          Frame root_LeftHandPinky3_end {
                            FrameTransformMatrix {
                               1.000000,-0.000000, 0.000000, 0.000000,
                              -0.000000, 1.000000,-0.000000, 0.000000,
                               0.000000, 0.000000, 1.000000, 0.000000,
                              -0.000004, 2.285396, 0.000002, 1.000000;;
                            }
                          } // End of root_LeftHandPinky3_end
                        } // End of root_LeftHandPinky3
                      } // End of root_LeftHandPinky2
                    } // End of root_LeftHandPinky1
                    Frame root_LeftHandRing1 {
                      FrameTransformMatrix {
                         0.400814, 0.913570, 0.068834, 0.000000,
                        -0.908496, 0.406036,-0.098839, 0.000000,
                        -0.118245,-0.022919, 0.992720, 0.000000,
                         0.399997, 8.300002, 0.800008, 1.000000;;
                      }
                      Frame root_LeftHandRing2 {
                        FrameTransformMatrix {
                           0.406926, 0.910599,-0.072257, 0.000000,
                          -0.909237, 0.411374, 0.063714, 0.000000,
                           0.087742, 0.039772, 0.995349, 0.000000,
                          -0.000001, 2.911003, 0.000002, 1.000000;;
                        }
                        Frame root_LeftHandRing3 {
                          FrameTransformMatrix {
                             0.658748, 0.745583,-0.100783, 0.000000,
                            -0.746475, 0.664428, 0.036191, 0.000000,
                             0.093947, 0.051391, 0.994250, 0.000000,
                            -0.000000, 2.760399,-0.000005, 1.000000;;
                          }
                          Frame root_LeftHandRing3_end {
                            FrameTransformMatrix {
                               1.000000,-0.000000,-0.000000, 0.000000,
                              -0.000000, 1.000000,-0.000000, 0.000000,
                              -0.000000,-0.000000, 1.000000, 0.000000,
                               0.000009, 2.760403, 0.000014, 1.000000;;
                            }
                          } // End of root_LeftHandRing3_end
                        } // End of root_LeftHandRing3
                      } // End of root_LeftHandRing2
                    } // End of root_LeftHandRing1
                    Frame root_LeftHandThumb1 {
                      FrameTransformMatrix {
                         0.333734,-0.490777,-0.804835, 0.000000,
                        -0.461287, 0.659556,-0.593465, 0.000000,
                         0.822093, 0.569319,-0.006273, 0.000000,
                        -1.099997, 3.100003,-3.599992, 1.000000;;
                      }
                      Frame root_LeftHandThumb2 {
                        FrameTransformMatrix {
                           0.957148, 0.287859, 0.031692, 0.000000,
                          -0.262550, 0.816363, 0.514411, 0.000000,
                           0.122206,-0.500688, 0.856958, 0.000000,
                           0.000007, 3.200003, 0.000001, 1.000000;;
                        }
                        Frame root_LeftHandThumb3 {
                          FrameTransformMatrix {
                             0.651983, 0.356560,-0.669167, 0.000000,
                            -0.000987, 0.882931, 0.469501, 0.000000,
                             0.758233,-0.305445, 0.576008, 0.000000,
                             0.000001, 3.400004,-0.000010, 1.000000;;
                          }
                          Frame root_LeftHandThumb3_end {
                            FrameTransformMatrix {
                               1.000000, 0.000000, 0.000000, 0.000000,
                              -0.000000, 1.000000,-0.000000, 0.000000,
                              -0.000000,-0.000000, 1.000000, 0.000000,
                               0.000001, 3.400001,-0.000003, 1.000000;;
                            }
                          } // End of root_LeftHandThumb3_end
                        } // End of root_LeftHandThumb3
                      } // End of root_LeftHandThumb2
                    } // End of root_LeftHandThumb1
                  } // End of root_LeftHand
                } // End of root_LeftForeArm
              } // End of root_LeftArm
            } // End of root_LeftShoulder
            Frame root_Neck {
              FrameTransformMatrix {
                 0.981548, 0.027881,-0.189174, 0.000000,
                -0.111077, 0.888418,-0.445393, 0.000000,
                 0.155647, 0.458187, 0.875122, 0.000000,
                -0.000000, 6.300008,-1.600005, 1.000000;;
              }
              Frame root_Head {
                FrameTransformMatrix {
                   0.876912,-0.134006,-0.461593, 0.000000,
                   0.139061, 0.990011,-0.023230, 0.000000,
                   0.460095,-0.043819, 0.886788, 0.000000,
                  -0.000000, 4.699999, 0.700001, 1.000000;;
                }
                Frame root_Hair {
                  FrameTransformMatrix {
                     0.000000, 1.000000, 0.000000, 0.000000,
                     1.000000, 0.000000, 0.000000, 0.000000,
                     0.000000, 0.000000,-1.000000, 0.000000,
                     0.000000,10.499997,-2.000000, 1.000000;;
                  }
                  Frame root_HairBackA01 {
                    FrameTransformMatrix {
                       1.000000, 0.000000,-0.000000, 0.000000,
                       0.000000, 1.000000,-0.000000, 0.000000,
                       0.000000, 0.000000, 1.000000, 0.000000,
                       9.000002,10.799998, 6.465899, 1.000000;;
                    }
                    Frame root_HairBackA02 {
                      FrameTransformMatrix {
                         1.000000, 0.000000,-0.000000, 0.000000,
                         0.000000, 1.000000,-0.000000, 0.000000,
                        -0.000000, 0.000000, 1.000000, 0.000000,
                         2.000008, 4.500001, 3.200000, 1.000000;;
                      }
                      Frame root_HairBackA03 {
                        FrameTransformMatrix {
                           1.000000, 0.000000,-0.000000, 0.000000,
                           0.000000, 1.000000, 0.000000, 0.000000,
                          -0.000000,-0.000000, 1.000000, 0.000000,
                           0.399980, 4.300001, 2.900001, 1.000000;;
                        }
                        Frame root_HairBackA04 {
                          FrameTransformMatrix {
                             1.000000,-0.000001,-0.000000, 0.000000,
                             0.000001, 1.000000,-0.000000, 0.000000,
                             0.000000, 0.000000, 1.000000, 0.000000,
                            -0.000002, 4.400001, 3.300000, 1.000000;;
                          }
                          Frame root_HairBackA04_end {
                            FrameTransformMatrix {
                               1.000000, 0.000000,-0.000000, 0.000000,
                               0.000000, 1.000000, 0.000000, 0.000000,
                              -0.000000,-0.000000, 1.000000, 0.000000,
                              -0.000009, 5.500001,-0.000001, 1.000000;;
                            }
                          } // End of root_HairBackA04_end
                        } // End of root_HairBackA04
                      } // End of root_HairBackA03
                    } // End of root_HairBackA02
                  } // End of root_HairBackA01
                  Frame root_HairBackB01 {
                    FrameTransformMatrix {
                       0.000000, 1.000000, 0.000000, 0.000000,
                      -1.000000, 0.000000,-0.000000, 0.000000,
                      -0.000000,-0.000000, 1.000000, 0.000000,
                       1.599998,13.599999, 6.865898, 1.000000;;
                    }
                    Frame root_HairBackB02 {
                      FrameTransformMatrix {
                         1.000000, 0.000000, 0.000000, 0.000000,
                        -0.000000, 1.000000, 0.000000, 0.000000,
                         0.000000,-0.000000, 1.000000, 0.000000,
                         0.100001, 4.500005,-0.800001, 1.000000;;
                      }
                      Frame root_HairBackB03 {
                        FrameTransformMatrix {
                           1.000000,-0.000000, 0.000000, 0.000000,
                           0.000000, 1.000000,-0.000000, 0.000000,
                          -0.000000, 0.000000, 1.000000, 0.000000,
                           0.700000, 5.699993, 0.199997, 1.000000;;
                        }
                        Frame root_HairBackB04 {
                          FrameTransformMatrix {
                             1.000000,-0.000000,-0.000000, 0.000000,
                             0.000000, 1.000000, 0.000000, 0.000000,
                             0.000000, 0.000000, 1.000000, 0.000000,
                             1.500000, 4.200002, 1.100001, 1.000000;;
                          }
                          Frame root_HairBackB04_end {
                            FrameTransformMatrix {
                               1.000000,-0.000000,-0.000000, 0.000000,
                               0.000000, 1.000000, 0.000000, 0.000000,
                               0.000000, 0.000000, 1.000000, 0.000000,
                               0.000000, 4.593493, 0.000000, 1.000000;;
                            }
                          } // End of root_HairBackB04_end
                        } // End of root_HairBackB04
                      } // End of root_HairBackB03
                    } // End of root_HairBackB02
                  } // End of root_HairBackB01
                  Frame root_HairBackC01 {
                    FrameTransformMatrix {
                       0.000000, 1.000000, 0.000000, 0.000000,
                      -1.000000, 0.000000, 0.000000, 0.000000,
                       0.000000,-0.000000, 1.000000, 0.000000,
                       1.599997,12.500000, 9.265898, 1.000000;;
                    }
                    Frame root_HairBackC02 {
                      FrameTransformMatrix {
                         1.000000,-0.000000, 0.000000, 0.000000,
                         0.000000, 1.000000,-0.000000, 0.000000,
                        -0.000000, 0.000000, 1.000000, 0.000000,
                         1.599999, 4.300005,-0.199999, 1.000000;;
                      }
                      Frame root_HairBackC03 {
                        FrameTransformMatrix {
                           1.000000,-0.000000,-0.000000, 0.000000,
                           0.000000, 1.000000,-0.000000, 0.000000,
                          -0.000000, 0.000000, 1.000000, 0.000000,
                           1.700000, 3.999997, 0.200000, 1.000000;;
                        }
                        Frame root_HairBackC04 {
                          FrameTransformMatrix {
                            -0.000001,-1.000000,-0.000000, 0.000000,
                             1.000000,-0.000001,-0.000000, 0.000000,
                             0.000000,-0.000000, 1.000000, 0.000000,
                             2.900001, 3.900014, 1.400000, 1.000000;;
                          }
                          Frame root_HairBackC05 {
                            FrameTransformMatrix {
                               1.000000, 0.000001,-0.000000, 0.000000,
                              -0.000001, 1.000000,-0.000000, 0.000000,
                               0.000000, 0.000000, 1.000000, 0.000000,
                              -2.400001, 4.200003, 2.300000, 1.000000;;
                            }
                            Frame root_HairBackC06 {
                              FrameTransformMatrix {
