xof 0303txt 0032

template XSkinMeshHeader {
  <3cf169ce-ff7c-44ab-93c0-f78f62d172e2>
  WORD nMaxSkinWeightsPerVertex;
  WORD nMaxSkinWeightsPerFace;
  WORD nBones;
}

template SkinWeights {
  <6f0d123b-bad2-4167-a0d0-80224f25fabb>
  STRING transformNodeName;
  DWORD nWeights;
  array DWORD vertexIndices[nWeights];
  array float weights[nWeights];
  Matrix4x4 matrixOffset;
}

Frame Root {
  FrameTransformMatrix {
     1.000000, 0.000000, 0.000000, 0.000000,
     0.000000,-0.000000,-1.000000, 0.000000,
     0.000000, 1.000000,-0.000000, 0.000000,
     0.000000, 0.000000, 0.000000, 1.000000;;
  }
  Frame root {
    FrameTransformMatrix {
       0.010000, 0.000000, 0.000000, 0.000000,
       0.000000,-0.000000, 0.010000, 0.000000,
       0.000000,-0.010000,-0.000000, 0.000000,
       0.000000, 0.000000, 0.000000, 1.000000;;
    }
    Frame root_Hips {
      FrameTransformMatrix {
         0.928505,-0.130122, 0.347774, 0.000000,
         0.368156, 0.200598,-0.907866, 0.000000,
         0.048371, 0.970994, 0.234162, 0.000000,
         0.202024,71.952240,-0.825888, 1.000000;;
      }
      Frame root_BagHead {
        FrameTransformMatrix {
          -0.000000, 0.000000, 1.000000, 0.000000,
           1.000000,-0.000000,-0.000000, 0.000000,
           0.000000, 1.000000,-0.000000, 0.000000,
          -0.000001, 7.465900, 3.999995, 1.000000;;
        }
        Frame root_BagFastenerHead {
          FrameTransformMatrix {
             1.000000,-0.000000, 0.000000, 0.000000,
             0.000000, 1.000000, 0.000000, 0.000000,
            -0.000000, 0.000000, 1.000000, 0.000000,
             5.209193,12.639001, 4.420900, 1.000000;;
          }
          Frame root_BagFastenerHead_end {
            FrameTransformMatrix {
               1.000000,-0.000000,-0.000000, 0.000000,
              -0.000000, 1.000000, 0.000000, 0.000000,
              -0.000000, 0.000000, 1.000000, 0.000000,
               0.000007,16.559902,-0.000001, 1.000000;;
            }
          } // End of root_BagFastenerHead_end
        } // End of root_BagFastenerHead
        Frame root_BagNeck {
          FrameTransformMatrix {
            -0.000001, 1.000000,-0.000000, 0.000000,
            -1.000000,-0.000001, 0.000000, 0.000000,
            -0.000000, 0.000000, 1.000000, 0.000000,
            -15.400006, 0.000000,10.700003, 1.000000;;
          }
          Frame root_BagFastenerNeck {
            FrameTransformMatrix {
               1.000000,-0.000000,-0.000000, 0.000000,
               0.000000, 1.000000, 0.000000, 0.000000,
               0.000000,-0.000000, 1.000000, 0.000000,
              -0.000000, 0.700000,-1.600001, 1.000000;;
            }
            Frame root_BagFastenerNeck_end {
              FrameTransformMatrix {
                 1.000000, 0.000000, 0.000000, 0.000000,
                 0.000000, 1.000000,-0.000000, 0.000000,
                 0.000000,-0.000000, 1.000000, 0.000000,
                -0.000000, 3.654501, 0.000001, 1.000000;;
              }
            } // End of root_BagFastenerNeck_end
          } // End of root_BagFastenerNeck
          Frame root_BagLeftHand01 {
            FrameTransformMatrix {
              -0.000001,-1.000000, 0.000000, 0.000000,
               1.000000,-0.000001, 0.000000, 0.000000,
              -0.000000, 0.000000, 1.000000, 0.000000,
               4.400000, 1.700000, 0.599999, 1.000000;;
            }
            Frame root_BagLeftHand02 {
              FrameTransformMatrix {
                 1.000000,-0.000000, 0.000000, 0.000000,
                 0.000000, 1.000000,-0.000000, 0.000000,
                -0.000000, 0.000001, 1.000000, 0.000000,
                -2.199997, 2.699999, 0.599998, 1.000000;;
              }
              Frame root_BagLeftHand02_end {
                FrameTransformMatrix {
                   1.000000, 0.000001, 0.000000, 0.000000,
                  -0.000001, 1.000000, 0.000000, 0.000000,
                   0.000000,-0.000000, 1.000000, 0.000000,
                   0.000002, 3.534102,-0.000001, 1.000000;;
                }
              } // End of root_BagLeftHand02_end
            } // End of root_BagLeftHand02
          } // End of root_BagLeftHand01
          Frame root_BagRightHand01 {
            FrameTransformMatrix {
               0.000001, 1.000000,-0.000000, 0.000000,
              -1.000000, 0.000001,-0.000000, 0.000000,
              -0.000000, 0.000000, 1.000000, 0.000000,
              -4.400001, 1.700003, 0.599998, 1.000000;;
            }
            Frame root_BagRightHand02 {
              FrameTransformMatrix {
                 1.000000,-0.000000, 0.000000, 0.000000,
                 0.000000, 1.000000,-0.000000, 0.000000,
                 0.000000, 0.000000, 1.000000, 0.000000,
                 2.199994, 2.700001, 0.599999, 1.000000;;
              }
              Frame root_BagRightHand02_end {
                FrameTransformMatrix {
                   1.000000, 0.000000, 0.000000, 0.000000,
                   0.000000, 1.000000, 0.000000, 0.000000,
                  -0.000000,-0.000000, 1.000000, 0.000000,
                  -0.000005, 3.534104,-0.000000, 1.000000;;
                }
              } // End of root_BagRightHand02_end
            } // End of root_BagRightHand02
          } // End of root_BagRightHand01
          Frame root_BagSpine {
            FrameTransformMatrix {
               1.000000,-0.000000,-0.000000, 0.000000,
               0.000000, 1.000000, 0.000000, 0.000000,
               0.000000,-0.000000, 1.000000, 0.000000,
               0.000001, 3.100002, 1.299996, 1.000000;;
            }
            Frame root_BagHip {
              FrameTransformMatrix {
                -0.000000,-1.000000, 0.000000, 0.000000,
                 1.000000,-0.000000, 0.000000, 0.000000,
                -0.000000, 0.000000, 1.000000, 0.000000,
                -0.000000, 3.999997, 1.800000, 1.000000;;
              }
              Frame root_BagLeftLeg01 {
                FrameTransformMatrix {
                  -0.000000, 1.000000,-0.000000, 0.000000,
                  -1.000000,-0.000000, 0.000000, 0.000000,
                   0.000000, 0.000000, 1.000000, 0.000000,
                  -2.700009, 3.000000, 0.800002, 1.000000;;
                }
                Frame root_BagLeftLeg02 {
                  FrameTransformMatrix {
                     1.000000, 0.000000, 0.000000, 0.000000,
                     0.000000, 1.000000,-0.000000, 0.000000,
                     0.000000, 0.000000, 1.000000, 0.000000,
                     1.000000, 2.499996, 1.799994, 1.000000;;
                  }
                  Frame root_BagLeftLeg02_end {
                    FrameTransformMatrix {
                       1.000000,-0.000000,-0.000000, 0.000000,
                      -0.000000, 1.000000, 0.000000, 0.000000,
                       0.000000,-0.000000, 1.000000, 0.000000,
                       0.000001, 3.238801, 0.000001, 1.000000;;
                    }
                  } // End of root_BagLeftLeg02_end
                } // End of root_BagLeftLeg02
              } // End of root_BagLeftLeg01
              Frame root_BagRightLeg01 {
                FrameTransformMatrix {
                   0.000000, 1.000000,-0.000000, 0.000000,
                  -1.000000, 0.000000, 0.000000, 0.000000,
                   0.000000, 0.000000, 1.000000, 0.000000,
                  -2.700010,-3.000001, 0.800000, 1.000000;;
                }
                Frame root_BagRightLeg02 {
                  FrameTransformMatrix {
                     1.000000, 0.000000, 0.000000, 0.000000,
                    -0.000000, 1.000000,-0.000000, 0.000000,
                     0.000000, 0.000000, 1.000000, 0.000000,
                    -1.000001, 2.500000, 1.799999, 1.000000;;
                  }
                  Frame root_BagRightLeg02_end {
                    FrameTransformMatrix {
                       1.000000, 0.000000,-0.000000, 0.000000,
                      -0.000000, 1.000000, 0.000000, 0.000000,
                       0.000000,-0.000000, 1.000000, 0.000000,
                       0.000001, 3.238794,-0.000001, 1.000000;;
                    }
                  } // End of root_BagRightLeg02_end
                } // End of root_BagRightLeg02
              } // End of root_BagRightLeg01
            } // End of root_BagHip
          } // End of root_BagSpine
        } // End of root_BagNeck
      } // End of root_BagHead
      Frame root_LeftUpLeg {
        FrameTransformMatrix {
           0.990798, 0.065324, 0.118539, 0.000000,
           0.115321,-0.865914,-0.486718, 0.000000,
           0.070850, 0.495910,-0.865479, 0.000000,
           6.500001, 0.500000,-3.500004, 1.000000;;
        }
        Frame root_LeftLeg {
          FrameTransformMatrix {
             0.984480,-0.170137, 0.043033, 0.000000,
            -0.005106, 0.217341, 0.976082, 0.000000,
            -0.175421,-0.961154, 0.213099, 0.000000,
            -0.000000,27.499992, 0.999995, 1.000000;;
          }
          Frame root_BootsLeft01 {
            FrameTransformMatrix {
               1.000000, 0.000000,-0.000000, 0.000000,
              -0.000000,-1.000000,-0.000000, 0.000000,
              -0.000000, 0.000000,-1.000000, 0.000000,
               0.473101,22.674494, 3.400002, 1.000000;;
            }
            Frame root_BootsLeft02 {
              FrameTransformMatrix {
                 1.000000,-0.000000,-0.000000, 0.000000,
                 0.000000, 1.000000,-0.000000, 0.000000,
                 0.000000, 0.000000, 1.000000, 0.000000,
                 0.000001, 3.999999, 0.000002, 1.000000;;
              }
              Frame root_BootsLeft02_end {
                FrameTransformMatrix {
                   1.000000,-0.000000,-0.000000, 0.000000,
                   0.000000, 1.000000,-0.000000, 0.000000,
                   0.000000,-0.000000, 1.000000, 0.000000,
                   0.000001, 3.999998, 0.000001, 1.000000;;
                }
              } // End of root_BootsLeft02_end
            } // End of root_BootsLeft02
          } // End of root_BootsLeft01
          Frame root_LeftFoot {
            FrameTransformMatrix {
               0.999757, 0.019585, 0.010064, 0.000000,
               0.004500, 0.265678,-0.964051, 0.000000,
              -0.021555, 0.963863, 0.265525, 0.000000,
               0.000001,35.499992, 2.500000, 1.000000;;
            }
            Frame root_LeftToe {
              FrameTransformMatrix {
                 1.000000, 0.000000,-0.000000, 0.000000,
                 0.000000, 1.000000, 0.000000, 0.000000,
                -0.000000,-0.000000, 1.000000, 0.000000,
                -0.000000, 9.500001, 8.500001, 1.000000;;
              }
              Frame root_LeftToe_end {
                FrameTransformMatrix {
                   1.000000, 0.000000, 0.000000, 0.000000,
                  -0.000000, 1.000000,-0.000000, 0.000000,
                   0.000000, 0.000000, 1.000000, 0.000000,
                  -0.000000,12.747499,-0.000001, 1.000000;;
                }
              } // End of root_LeftToe_end
            } // End of root_LeftToe
          } // End of root_LeftFoot
        } // End of root_LeftLeg
      } // End of root_LeftUpLeg
      Frame root_RightUpLeg {
        FrameTransformMatrix {
           0.983738,-0.090212, 0.155312, 0.000000,
           0.069092,-0.608112,-0.790839, 0.000000,
           0.165790, 0.788709,-0.591990, 0.000000,
          -6.500000, 0.500000,-3.500004, 1.000000;;
        }
        Frame root_RightLeg {
          FrameTransformMatrix {
             0.991611,-0.023275,-0.127142, 0.000000,
             0.092823, 0.812754, 0.575166, 0.000000,
             0.089949,-0.582142, 0.808096, 0.000000,
            -0.000002,27.499996, 0.999999, 1.000000;;
          }
          Frame root_BootsRight01 {
            FrameTransformMatrix {
               1.000000, 0.000000,-0.000000, 0.000000,
               0.000000, 1.000000,-0.000000, 0.000000,
               0.000000, 0.000000, 1.000000, 0.000000,
              -0.473100,22.674500, 3.400001, 1.000000;;
            }
            Frame root_BootsRight02 {
              FrameTransformMatrix {
                 1.000000, 0.000000,-0.000000, 0.000000,
                -0.000000, 1.000000, 0.000000, 0.000000,
                 0.000000,-0.000000, 1.000000, 0.000000,
                -0.000000, 3.999998, 0.000000, 1.000000;;
              }
              Frame root_BootsRight02_end {
                FrameTransformMatrix {
                   1.000000,-0.000000,-0.000000, 0.000000,
                  -0.000000, 1.000000,-0.000000, 0.000000,
                   0.000000, 0.000000, 1.000000, 0.000000,
                   0.000000, 4.000002,-0.000000, 1.000000;;
                }
              } // End of root_BootsRight02_end
            } // End of root_BootsRight02
          } // End of root_BootsRight01
          Frame root_RightFoot {
            FrameTransformMatrix {
               0.996591, 0.082503, 0.000157, 0.000000,
               0.009989,-0.118771,-0.992872, 0.000000,
              -0.081896, 0.989488,-0.119190, 0.000000,
               0.000000,35.500000, 2.500000, 1.000000;;
            }
            Frame root_RightToe {
              FrameTransformMatrix {
                 1.000000,-0.000000, 0.000000, 0.000000,
                -0.000000, 1.000000, 0.000000, 0.000000,
                 0.000000,-0.000000, 1.000000, 0.000000,
                 0.000000, 9.500000, 8.500001, 1.000000;;
              }
              Frame root_RightToe_end {
                FrameTransformMatrix {
                   1.000000, 0.000000, 0.000000, 0.000000,
                  -0.000000, 1.000000,-0.000000, 0.000000,
                   0.000000, 0.000000, 1.000000, 0.000000,
                  -0.000000,12.747598,-0.000000, 1.000000;;
                }
              } // End of root_RightToe_end
            } // End of root_RightToe
          } // End of root_RightFoot
        } // End of root_RightLeg
      } // End of root_RightUpLeg
      Frame root_Spine {
        FrameTransformMatrix {
           0.989861,-0.005012, 0.141954, 0.000000,
          -0.117556,-0.589856, 0.798906, 0.000000,
           0.079728,-0.807493,-0.584464, 0.000000,
          -0.000000,-1.500000, 8.999994, 1.000000;;
        }
        Frame root_Spine01 {
          FrameTransformMatrix {
             1.000000, 0.000000,-0.000000, 0.000000,
             0.000000,-0.000000, 1.000000, 0.000000,
            -0.000000,-1.000000, 0.000000, 0.000000,
             0.000000, 9.000007, 0.500004, 1.000000;;
          }
          Frame root_FastenerFront {
            FrameTransformMatrix {
               1.000000,-0.000000,-0.000000, 0.000000,
               0.000000, 1.000000, 0.000000, 0.000000,
              -0.000000, 0.000000, 1.000000, 0.000000,
               2.772099, 6.631003, 3.900301, 1.000000;;
            }
            Frame root_FastenerFront_end {
              FrameTransformMatrix {
                 1.000000,-0.000000,-0.000000, 0.000000,
                 0.000000, 1.000000, 0.000000, 0.000000,
                -0.000000, 0.000000, 1.000000, 0.000000,
                 0.000001, 8.993401,-0.000002, 1.000000;;
              }
            } // End of root_FastenerFront_end
          } // End of root_FastenerFront
          Frame root_LeftBust {
            FrameTransformMatrix {
               1.000000,-0.000000,-0.000000, 0.000000,
               0.000000, 1.000000, 0.000000, 0.000000,
              -0.000000, 0.000000, 1.000000, 0.000000,
               5.670899, 3.040504,-6.273198, 1.000000;;
            }
            Frame root_LeftBust_end {
              FrameTransformMatrix {
                 1.000000,-0.000000,-0.000000, 0.000000,
                 0.000000, 1.000000, 0.000000, 0.000000,
                -0.000000, 0.000000, 1.000000, 0.000000,
                 0.000001, 8.993405,-0.000004, 1.000000;;
              }
            } // End of root_LeftBust_end
          } // End of root_LeftBust
          Frame root_RightBust {
            FrameTransformMatrix {
               1.000000,-0.000000,-0.000000, 0.000000,
              -0.000000,-1.000000,-0.000000, 0.000000,
              -0.000000,-0.000000,-1.000000, 0.000000,
              -5.670901, 3.040500,-6.273002, 1.000000;;
            }
            Frame root_RightBust_end {
              FrameTransformMatrix {
                 1.000000, 0.000000,-0.000000, 0.000000,
                 0.000000, 1.000000, 0.000000, 0.000000,
                 0.000000, 0.000000, 1.000000, 0.000000,
                -0.000001, 8.993402,-0.000007, 1.000000;;
              }
            } // End of root_RightBust_end
          } // End of root_RightBust
          Frame root_Spine02 {
            FrameTransformMatrix {
               1.000000,-0.000000,-0.000000, 0.000000,
               0.000000,-0.000000,-1.000000, 0.000000,
               0.000000, 1.000000, 0.000000, 0.000000,
              -0.000001,-2.499994,-9.499997, 1.000000;;
            }
            Frame root_HoodMain01 {
              FrameTransformMatrix {
                 1.000000,-0.000000,-0.000000, 0.000000,
                -0.000000,-1.000000, 0.000000, 0.000000,
                -0.000000, 0.000000,-1.000000, 0.000000,
                 0.000001, 0.999995,-9.465906, 1.000000;;
              }
              Frame root_HoodMain02 {
                FrameTransformMatrix {
                   1.000000, 0.000000,-0.000000, 0.000000,
                  -0.000000, 1.000000,-0.000000, 0.000000,
                   0.000000, 0.000000, 1.000000, 0.000000,
                  -0.000002, 4.099995,-0.300002, 1.000000;;
                }
                Frame root_HoodMain02_end {
                  FrameTransformMatrix {
                     1.000000, 0.000000,-0.000000, 0.000000,
                    -0.000000, 1.000000,-0.000000, 0.000000,
                     0.000000,-0.000000, 1.000000, 0.000000,
                     0.000000, 4.110998,-0.000008, 1.000000;;
                  }
                } // End of root_HoodMain02_end
              } // End of root_HoodMain02
            } // End of root_HoodMain01
            Frame root_HoodSubCenter {
              FrameTransformMatrix {
                 1.000000, 0.000000,-0.000000, 0.000000,
                 0.000000, 1.000000,-0.000000, 0.000000,
                 0.000000,-0.000000, 1.000000, 0.000000,
                 0.000001, 3.499995,-14.765900, 1.000000;;
              }
              Frame root_HoodSubCenter_end {
                FrameTransformMatrix {
                   1.000000, 0.000000,-0.000000, 0.000000,
                   0.000000, 1.000000,-0.000000, 0.000000,
                   0.000000,-0.000000, 1.000000, 0.000000,
                   0.000001,11.385115,-0.000001, 1.000000;;
                }
              } // End of root_HoodSubCenter_end
            } // End of root_HoodSubCenter
            Frame root_HoodSubLeftA01 {
              FrameTransformMatrix {
                 1.000000, 0.000000,-0.000000, 0.000000,
                 0.000000, 1.000000,-0.000000, 0.000000,
                 0.000000,-0.000000, 1.000000, 0.000000,
                 3.700001, 4.099998,-14.265904, 1.000000;;
              }
              Frame root_HoodSubLeftA01_end {
                FrameTransformMatrix {
                   1.000000, 0.000000,-0.000000, 0.000000,
                   0.000000, 1.000000,-0.000000, 0.000000,
                   0.000000,-0.000000, 1.000000, 0.000000,
                  -0.000001,11.385118, 0.000008, 1.000000;;
                }
              } // End of root_HoodSubLeftA01_end
            } // End of root_HoodSubLeftA01
            Frame root_HoodSubLeftB01 {
              FrameTransformMatrix {
                 1.000000, 0.000000,-0.000000, 0.000000,
                 0.000000, 1.000000,-0.000000, 0.000000,
                 0.000000,-0.000000, 1.000000, 0.000000,
                 6.500001, 4.699990,-12.565900, 1.000000;;
              }
              Frame root_HoodSubLeftB01_end {
                FrameTransformMatrix {
                   1.000000, 0.000000,-0.000000, 0.000000,
                   0.000000, 1.000000,-0.000000, 0.000000,
                   0.000000,-0.000000, 1.000000, 0.000000,
                   0.000000,11.385106, 0.000010, 1.000000;;
                }
              } // End of root_HoodSubLeftB01_end
            } // End of root_HoodSubLeftB01
            Frame root_HoodSubRightA01 {
              FrameTransformMatrix {
                 1.000000,-0.000000, 0.000000, 0.000000,
                -0.000000,-1.000000,-0.000000, 0.000000,
                 0.000000, 0.000000,-1.000000, 0.000000,
                -3.699999, 4.099997,-14.265903, 1.000000;;
              }
              Frame root_HoodSubRightA01_end {
                FrameTransformMatrix {
                   1.000000, 0.000000, 0.000000, 0.000000,
                  -0.000000, 1.000000,-0.000000, 0.000000,
                  -0.000000, 0.000000, 1.000000, 0.000000,
                  -0.000000,11.385107, 0.000003, 1.000000;;
                }
              } // End of root_HoodSubRightA01_end
            } // End of root_HoodSubRightA01
            Frame root_HoodSubRightB01 {
              FrameTransformMatrix {
                 1.000000,-0.000000, 0.000000, 0.000000,
                -0.000000,-1.000000,-0.000000, 0.000000,
                 0.000000, 0.000000,-1.000000, 0.000000,
                -6.499999, 4.699995,-12.565904, 1.000000;;
              }
              Frame root_HoodSubRightB01_end {
                FrameTransformMatrix {
                   1.000000, 0.000000, 0.000000, 0.000000,
                  -0.000000, 1.000000,-0.000000, 0.000000,
                  -0.000000, 0.000000, 1.000000, 0.000000,
                  -0.000001,11.385092, 0.000008, 1.000000;;
                }
              } // End of root_HoodSubRightB01_end
            } // End of root_HoodSubRightB01
            Frame root_LeftShoulder {
              FrameTransformMatrix {
                -0.177547, 0.964722,-0.194392, 0.000000,
                 0.779119, 0.258468, 0.571112, 0.000000,
                 0.601208,-0.050056,-0.797523, 0.000000,
                 5.000001, 4.500000,-4.000001, 1.000000;;
              }
              Frame root_LeftArm {
                FrameTransformMatrix {
                   0.254756, 0.947814, 0.191698, 0.000000,
                  -0.783528, 0.318504,-0.533516, 0.000000,
                  -0.566731,-0.014285, 0.823779, 0.000000,
                  -0.999997, 5.000000, 0.000001, 1.000000;;
                }
                Frame root_LeftForeArm {
                  FrameTransformMatrix {
                     0.996477, 0.035552,-0.075958, 0.000000,
                    -0.083866, 0.422421,-0.902511, 0.000000,
                     0.000000, 0.905702, 0.423914, 0.000000,
                    -0.000001,17.999990,-0.000002, 1.000000;;
                  }
                  Frame root_LeftHand {
                    FrameTransformMatrix {
                       0.902696,-0.012334, 0.430102, 0.000000,
                       0.007399, 0.999886, 0.013144, 0.000000,
                      -0.430215,-0.008682, 0.902685, 0.000000,
                      -0.000002,20.499998,-0.000005, 1.000000;;
                    }
                    Frame root_LeftHandIndex1 {
                      FrameTransformMatrix {
                         0.510347, 0.850159,-0.129519, 0.000000,
                        -0.859965, 0.504066,-0.079861, 0.000000,
                        -0.002608, 0.152139, 0.988355, 0.000000,
                         0.100001, 8.500002,-3.099995, 1.000000;;
                      }
                      Frame root_LeftHandIndex2 {
                        FrameTransformMatrix {
                          -0.039228, 0.996102,-0.079006, 0.000000,
                          -0.998228,-0.035526, 0.047733, 0.000000,
                           0.044741, 0.080738, 0.995731, 0.000000,
                           0.000002, 2.599999, 0.000004, 1.000000;;
                        }
                        Frame root_LeftHandIndex3 {
                          FrameTransformMatrix {
                             0.846948, 0.519468,-0.113282, 0.000000,
                            -0.518510, 0.854131, 0.040099, 0.000000,
                             0.117588, 0.024776, 0.992753, 0.000000,
                            -0.000001, 3.000002,-0.000002, 1.000000;;
                          }
                          Frame root_LeftHandIndex3_end {
                            FrameTransformMatrix {
                               1.000000,-0.000000,-0.000000, 0.000000,
                               0.000000, 1.000000,-0.000000, 0.000000,
                               0.000000,-0.000000, 1.000000, 0.000000,
                               0.000005, 3.000002, 0.000003, 1.000000;;
                            }
                          } // End of root_LeftHandIndex3_end
                        } // End of root_LeftHandIndex3
                      } // End of root_LeftHandIndex2
                    } // End of root_LeftHandIndex1
                    Frame root_LeftHandMiddle1 {
                      FrameTransformMatrix {
                         0.198576, 0.970893,-0.133917, 0.000000,
                        -0.978275, 0.188049,-0.087265, 0.000000,
                        -0.059542, 0.148337, 0.987143, 0.000000,
                         0.499996, 8.500002,-1.199998, 1.000000;;
                      }
                      Frame root_LeftHandMiddle2 {
                        FrameTransformMatrix {
                           0.620623, 0.754416,-0.213739, 0.000000,
                          -0.781146, 0.618539,-0.084972, 0.000000,
                           0.068102, 0.219697, 0.973188, 0.000000,
                           0.000001, 3.000002,-0.000000, 1.000000;;
                        }
                        Frame root_LeftHandMiddle3 {
                          FrameTransformMatrix {
                             0.636507, 0.770915, 0.023403, 0.000000,
                            -0.747353, 0.623983,-0.228275, 0.000000,
                            -0.190583, 0.127808, 0.973315, 0.000000,
                            -0.000003, 3.000001, 0.000004, 1.000000;;
                          }
                          Frame root_LeftHandMiddle3_end {
                            FrameTransformMatrix {
                               1.000000, 0.000000,-0.000000, 0.000000,
                               0.000000, 1.000000,-0.000000, 0.000000,
                               0.000000, 0.000000, 1.000000, 0.000000,
                              -0.000006, 2.999998,-0.000002, 1.000000;;
                            }
                          } // End of root_LeftHandMiddle3_end
                        } // End of root_LeftHandMiddle3
                      } // End of root_LeftHandMiddle2
                    } // End of root_LeftHandMiddle1
                    Frame root_LeftHandPinky1 {
                      FrameTransformMatrix {
                         0.545544, 0.837203, 0.038392, 0.000000,
                        -0.822290, 0.543553,-0.168489, 0.000000,
                        -0.161928, 0.060349, 0.984955, 0.000000,
                        -0.000006, 7.800000, 2.600006, 1.000000;;
                      }
                      Frame root_LeftHandPinky2 {
                        FrameTransformMatrix {
                           0.798106, 0.601423, 0.036289, 0.000000,
                          -0.592102, 0.794036,-0.137555, 0.000000,
                          -0.111543, 0.088297, 0.989829, 0.000000,
                          -0.000005, 2.500001, 0.000003, 1.000000;;
                        }
                        Frame root_LeftHandPinky3 {
                          FrameTransformMatrix {
                             0.696045, 0.710565,-0.103047, 0.000000,
                            -0.717929, 0.686784,-0.113602, 0.000000,
                            -0.009950, 0.153053, 0.988168, 0.000000,
                             0.000002, 2.285398, 0.000006, 1.000000;;
                          }
                          Frame root_LeftHandPinky3_end {
                            FrameTransformMatrix {
                               1.000000, 0.000000, 0.000000, 0.000000,
                              -0.000000, 1.000000, 0.000000, 0.000000,
                               0.000000,-0.000000, 1.000000, 0.000000,
                              -0.000005, 2.285398,-0.000002, 1.000000;;
                            }
                          } // End of root_LeftHandPinky3_end
                        } // End of root_LeftHandPinky3
                      } // End of root_LeftHandPinky2
                    } // End of root_LeftHandPinky1
                    Frame root_LeftHandRing1 {
                      FrameTransformMatrix {
                         0.272390, 0.929572, 0.248391, 0.000000,
                        -0.941601, 0.310642,-0.129960, 0.000000,
                        -0.197968,-0.198486, 0.959902, 0.000000,
                         0.400001, 8.300000, 0.800003, 1.000000;;
                      }
                      Frame root_LeftHandRing2 {
                        FrameTransformMatrix {
                           0.754503, 0.651847,-0.076290, 0.000000,
                          -0.651415, 0.757966, 0.033853, 0.000000,
                           0.079893, 0.024154, 0.996511, 0.000000,
                           0.000000, 2.911003,-0.000001, 1.000000;;
                        }
                        Frame root_LeftHandRing3 {
                          FrameTransformMatrix {
                             0.539779, 0.841337, 0.028133, 0.000000,
                            -0.836918, 0.539941,-0.089622, 0.000000,
                            -0.090592, 0.024830, 0.995578, 0.000000,
                            -0.000000, 2.760397,-0.000007, 1.000000;;
                          }
                          Frame root_LeftHandRing3_end {
                            FrameTransformMatrix {
                               1.000000, 0.000000, 0.000000, 0.000000,
                              -0.000000, 1.000000, 0.000000, 0.000000,
                               0.000000, 0.000000, 1.000000, 0.000000,
                               0.000003, 2.760406,-0.000004, 1.000000;;
                            }
                          } // End of root_LeftHandRing3_end
                        } // End of root_LeftHandRing3
                      } // End of root_LeftHandRing2
                    } // End of root_LeftHandRing1
                    Frame root_LeftHandThumb1 {
                      FrameTransformMatrix {
                         0.057735, 0.009571,-0.998286, 0.000000,
                        -0.682389, 0.730267,-0.032464, 0.000000,
                         0.728705, 0.683094, 0.048693, 0.000000,
                        -1.100001, 3.099999,-3.599993, 1.000000;;
                      }
                      Frame root_LeftHandThumb2 {
                        FrameTransformMatrix {
                           0.958822,-0.193650, 0.207749, 0.000000,
                           0.078104, 0.883080, 0.462676, 0.000000,
                          -0.273056,-0.427397, 0.861842, 0.000000,
                           0.000000, 3.200001, 0.000003, 1.000000;;
                        }
                        Frame root_LeftHandThumb3 {
                          FrameTransformMatrix {
                             0.059464, 0.687388,-0.723852, 0.000000,
                            -0.748405, 0.510551, 0.423352, 0.000000,
                             0.660571, 0.516560, 0.544805, 0.000000,
                             0.000002, 3.400001,-0.000006, 1.000000;;
                          }
                          Frame root_LeftHandThumb3_end {
                            FrameTransformMatrix {
                               1.000000, 0.000000, 0.000000, 0.000000,
                              -0.000000, 1.000000, 0.000000, 0.000000,
                              -0.000000,-0.000000, 1.000000, 0.000000,
                               0.000000, 3.399990,-0.000004, 1.000000;;
                            }
                          } // End of root_LeftHandThumb3_end
                        } // End of root_LeftHandThumb3
                      } // End of root_LeftHandThumb2
                    } // End of root_LeftHandThumb1
                  } // End of root_LeftHand
                } // End of root_LeftForeArm
              } // End of root_LeftArm
            } // End of root_LeftShoulder
            Frame root_Neck {
              FrameTransformMatrix {
                 0.990462,-0.097174,-0.097688, 0.000000,
                 0.052151, 0.920605,-0.386996, 0.000000,
                 0.127537, 0.378210, 0.916892, 0.000000,
                 0.000001, 6.300002,-1.599999, 1.000000;;
              }
              Frame root_Head {
                FrameTransformMatrix {
                   0.970295,-0.148248,-0.191180, 0.000000,
                   0.063994, 0.919380,-0.388131, 0.000000,
                   0.233307, 0.364367, 0.901557, 0.000000,
                   0.000000, 4.700002, 0.700004, 1.000000;;
                }
                Frame root_Hair {
                  FrameTransformMatrix {
                     0.000000, 1.000000, 0.000000, 0.000000,
                     1.000000,-0.000000,-0.000000, 0.000000,
                    -0.000000, 0.000000,-1.000000, 0.000000,
                     0.000000,10.499995,-2.000000, 1.000000;;
                  }
                  Frame root_HairBackA01 {
                    FrameTransformMatrix {
                       1.000000, 0.000000, 0.000000, 0.000000,
                      -0.000000, 1.000000, 0.000000, 0.000000,
                      -0.000000, 0.000000, 1.000000, 0.000000,
                       9.000000,10.799997, 6.465902, 1.000000;;
                    }
                    Frame root_HairBackA02 {
                      FrameTransformMatrix {
                         1.000000, 0.000000, 0.000000, 0.000000,
                        -0.000000, 1.000000,-0.000000, 0.000000,
                        -0.000000, 0.000000, 1.000000, 0.000000,
                         1.999995, 4.500000, 3.200000, 1.000000;;
                      }
                      Frame root_HairBackA03 {
                        FrameTransformMatrix {
                           1.000000, 0.000000,-0.000000, 0.000000,
                          -0.000000, 1.000000, 0.000000, 0.000000,
                          -0.000000,-0.000000, 1.000000, 0.000000,
                           0.399988, 4.300002, 2.899999, 1.000000;;
                        }
                        Frame root_HairBackA04 {
                          FrameTransformMatrix {
                             1.000000,-0.000001,-0.000000, 0.000000,
                             0.000001, 1.000000,-0.000000, 0.000000,
                             0.000000, 0.000000, 1.000000, 0.000000,
                            -0.000002, 4.400001, 3.299999, 1.000000;;
                          }
                          Frame root_HairBackA04_end {
                            FrameTransformMatrix {
                               1.000000, 0.000000, 0.000000, 0.000000,
                              -0.000000, 1.000000, 0.000000, 0.000000,
                               0.000000,-0.000000, 1.000000, 0.000000,
                              -0.000009, 5.500003, 0.000000, 1.000000;;
                            }
                          } // End of root_HairBackA04_end
                        } // End of root_HairBackA04
                      } // End of root_HairBackA03
                    } // End of root_HairBackA02
                  } // End of root_HairBackA01
                  Frame root_HairBackB01 {
                    FrameTransformMatrix {
                       0.000000, 1.000000, 0.000000, 0.000000,
                      -1.000000, 0.000000,-0.000000, 0.000000,
                      -0.000000,-0.000000, 1.000000, 0.000000,
                       1.600008,13.600001, 6.865901, 1.000000;;
                    }
                    Frame root_HairBackB02 {
                      FrameTransformMatrix {
                         1.000000, 0.000000, 0.000000, 0.000000,
                        -0.000000, 1.000000, 0.000000, 0.000000,
                        -0.000000,-0.000000, 1.000000, 0.000000,
                         0.099999, 4.500004,-0.799999, 1.000000;;
                      }
                      Frame root_HairBackB03 {
                        FrameTransformMatrix {
                           1.000000,-0.000000, 0.000000, 0.000000,
                           0.000000, 1.000000,-0.000000, 0.000000,
                           0.000000, 0.000000, 1.000000, 0.000000,
                           0.700001, 5.700006, 0.200000, 1.000000;;
                        }
                        Frame root_HairBackB04 {
                          FrameTransformMatrix {
                             1.000000, 0.000000, 0.000000, 0.000000,
                            -0.000000, 1.000000,-0.000000, 0.000000,
                            -0.000000, 0.000000, 1.000000, 0.000000,
                             1.500000, 4.199999, 1.100000, 1.000000;;
                          }
                          Frame root_HairBackB04_end {
                            FrameTransformMatrix {
                               1.000000, 0.000000, 0.000000, 0.000000,
                              -0.000000, 1.000000,-0.000000, 0.000000,
                              -0.000000, 0.000000, 1.000000, 0.000000,
                              -0.000000, 4.593506,-0.000000, 1.000000;;
                            }
                          } // End of root_HairBackB04_end
                        } // End of root_HairBackB04
                      } // End of root_HairBackB03
                    } // End of root_HairBackB02
                  } // End of root_HairBackB01
                  Frame root_HairBackC01 {
                    FrameTransformMatrix {
                       0.000000, 1.000000, 0.000000, 0.000000,
                      -1.000000, 0.000000, 0.000000, 0.000000,
                      -0.000000,-0.000000, 1.000000, 0.000000,
                       1.599999,12.499999, 9.265901, 1.000000;;
                    }
                    Frame root_HairBackC02 {
                      FrameTransformMatrix {
                         1.000000, 0.000000, 0.000000, 0.000000,
                        -0.000000, 1.000000,-0.000000, 0.000000,
                         0.000000, 0.000000, 1.000000, 0.000000,
                         1.600000, 4.300000,-0.200000, 1.000000;;
                      }
                      Frame root_HairBackC03 {
                        FrameTransformMatrix {
                           1.000000, 0.000000, 0.000000, 0.000000,
                           0.000000, 1.000000,-0.000000, 0.000000,
                          -0.000000, 0.000000, 1.000000, 0.000000,
                           1.700001, 4.000001, 0.200001, 1.000000;;
                        }
                        Frame root_HairBackC04 {
                          FrameTransformMatrix {
                            -0.000001,-1.000000,-0.000000, 0.000000,
                             1.000000,-0.000001,-0.000000, 0.000000,
                             0.000000,-0.000000, 1.000000, 0.000000,
                             2.900001, 3.900010, 1.400000, 1.000000;;
                          }
                          Frame root_HairBackC05 {
                            FrameTransformMatrix {
                               1.000000, 0.000001, 0.000000, 0.000000,
                              -0.000001, 1.000000,-0.000000, 0.000000,
                               0.000000, 0.000000, 1.000000, 0.000000,
                              -2.399997, 4.200004, 2.299999, 1.000000;;
                            }
                            Frame root_HairBackC06 {
                              FrameTransformMatrix {
