xof 0303txt 0032

template XSkinMeshHeader {
  <3cf169ce-ff7c-44ab-93c0-f78f62d172e2>
  WORD nMaxSkinWeightsPerVertex;
  WORD nMaxSkinWeightsPerFace;
  WORD nBones;
}

template SkinWeights {
  <6f0d123b-bad2-4167-a0d0-80224f25fabb>
  STRING transformNodeName;
  DWORD nWeights;
  array DWORD vertexIndices[nWeights];
  array float weights[nWeights];
  Matrix4x4 matrixOffset;
}

Frame Root {
  FrameTransformMatrix {
     1.000000, 0.000000, 0.000000, 0.000000,
     0.000000,-0.000000,-1.000000, 0.000000,
     0.000000, 1.000000,-0.000000, 0.000000,
     0.000000, 0.000000, 0.000000, 1.000000;;
  }
  Frame root {
    FrameTransformMatrix {
       0.010000, 0.000000, 0.000000, 0.000000,
       0.000000,-0.000000, 0.010000, 0.000000,
       0.000000,-0.010000,-0.000000, 0.000000,
       0.000000, 0.000000, 0.000000, 1.000000;;
    }
    Frame root_Hips {
      FrameTransformMatrix {
         0.963254,-0.022574, 0.267641, 0.000000,
         0.268589, 0.084769,-0.959518, 0.000000,
        -0.001027, 0.996145, 0.087717, 0.000000,
        -8.212270,72.174377, 2.948728, 1.000000;;
      }
      Frame root_BagHead {
        FrameTransformMatrix {
          -0.000000, 0.000000, 1.000000, 0.000000,
           1.000000,-0.000000,-0.000000, 0.000000,
           0.000000, 1.000000,-0.000000, 0.000000,
           0.000000, 7.465900, 4.000008, 1.000000;;
        }
        Frame root_BagFastenerHead {
          FrameTransformMatrix {
             1.000000, 0.000000, 0.000000, 0.000000,
             0.000000, 1.000000, 0.000000, 0.000000,
            -0.000000,-0.000000, 1.000000, 0.000000,
             5.209197,12.639000, 4.420899, 1.000000;;
          }
          Frame root_BagFastenerHead_end {
            FrameTransformMatrix {
               1.000000, 0.000000,-0.000000, 0.000000,
               0.000000, 1.000000, 0.000000, 0.000000,
              -0.000000,-0.000000, 1.000000, 0.000000,
              -0.000003,16.559900, 0.000000, 1.000000;;
            }
          } // End of root_BagFastenerHead_end
        } // End of root_BagFastenerHead
        Frame root_BagNeck {
          FrameTransformMatrix {
            -0.000001, 1.000000,-0.000000, 0.000000,
            -1.000000,-0.000001, 0.000000, 0.000000,
            -0.000000, 0.000000, 1.000000, 0.000000,
            -15.399999, 0.000000,10.700001, 1.000000;;
          }
          Frame root_BagFastenerNeck {
            FrameTransformMatrix {
               1.000000,-0.000000, 0.000000, 0.000000,
               0.000000, 1.000000, 0.000000, 0.000000,
              -0.000000,-0.000000, 1.000000, 0.000000,
              -0.000002, 0.699997,-1.600001, 1.000000;;
            }
            Frame root_BagFastenerNeck_end {
              FrameTransformMatrix {
                 1.000000, 0.000000,-0.000000, 0.000000,
                 0.000000, 1.000000, 0.000000, 0.000000,
                -0.000000,-0.000000, 1.000000, 0.000000,
                -0.000001, 3.654497, 0.000000, 1.000000;;
              }
            } // End of root_BagFastenerNeck_end
          } // End of root_BagFastenerNeck
          Frame root_BagLeftHand01 {
            FrameTransformMatrix {
              -0.000001,-1.000000, 0.000000, 0.000000,
               1.000000,-0.000001, 0.000000, 0.000000,
              -0.000000, 0.000000, 1.000000, 0.000000,
               4.399999, 1.699997, 0.600002, 1.000000;;
            }
            Frame root_BagLeftHand02 {
              FrameTransformMatrix {
                 1.000000, 0.000000,-0.000000, 0.000000,
                 0.000000, 1.000000,-0.000000, 0.000000,
                -0.000000, 0.000000, 1.000000, 0.000000,
                -2.200002, 2.700001, 0.600000, 1.000000;;
              }
              Frame root_BagLeftHand02_end {
                FrameTransformMatrix {
                   1.000000, 0.000001, 0.000000, 0.000000,
                  -0.000001, 1.000000, 0.000000, 0.000000,
                  -0.000000,-0.000000, 1.000000, 0.000000,
                   0.000004, 3.534103, 0.000001, 1.000000;;
                }
              } // End of root_BagLeftHand02_end
            } // End of root_BagLeftHand02
          } // End of root_BagLeftHand01
          Frame root_BagRightHand01 {
            FrameTransformMatrix {
               0.000001, 1.000000,-0.000000, 0.000000,
              -1.000000, 0.000001,-0.000000, 0.000000,
              -0.000000, 0.000000, 1.000000, 0.000000,
              -4.400002, 1.699999, 0.600000, 1.000000;;
            }
            Frame root_BagRightHand02 {
              FrameTransformMatrix {
                 1.000000, 0.000000, 0.000000, 0.000000,
                 0.000000, 1.000000,-0.000000, 0.000000,
                 0.000000, 0.000000, 1.000000, 0.000000,
                 2.200003, 2.700001, 0.600001, 1.000000;;
              }
              Frame root_BagRightHand02_end {
                FrameTransformMatrix {
                   1.000000, 0.000000,-0.000000, 0.000000,
                  -0.000000, 1.000000, 0.000000, 0.000000,
                  -0.000000,-0.000000, 1.000000, 0.000000,
                  -0.000001, 3.534102,-0.000000, 1.000000;;
                }
              } // End of root_BagRightHand02_end
            } // End of root_BagRightHand02
          } // End of root_BagRightHand01
          Frame root_BagSpine {
            FrameTransformMatrix {
               1.000000,-0.000000, 0.000000, 0.000000,
               0.000000, 1.000000, 0.000000, 0.000000,
              -0.000000,-0.000000, 1.000000, 0.000000,
              -0.000001, 3.099997, 1.300000, 1.000000;;
            }
            Frame root_BagHip {
              FrameTransformMatrix {
                -0.000000,-1.000000, 0.000000, 0.000000,
                 1.000000,-0.000000, 0.000000, 0.000000,
                -0.000000, 0.000000, 1.000000, 0.000000,
                 0.000000, 3.999998, 1.800003, 1.000000;;
              }
              Frame root_BagLeftLeg01 {
                FrameTransformMatrix {
                  -0.000000, 1.000000,-0.000000, 0.000000,
                  -1.000000,-0.000000, 0.000000, 0.000000,
                   0.000000, 0.000000, 1.000000, 0.000000,
                  -2.700001, 3.000000, 0.799998, 1.000000;;
                }
                Frame root_BagLeftLeg02 {
                  FrameTransformMatrix {
                     1.000000, 0.000000,-0.000000, 0.000000,
                     0.000000, 1.000000,-0.000000, 0.000000,
                    -0.000000, 0.000000, 1.000000, 0.000000,
                     0.999999, 2.500000, 1.800004, 1.000000;;
                  }
                  Frame root_BagLeftLeg02_end {
                    FrameTransformMatrix {
                       1.000000, 0.000000,-0.000000, 0.000000,
                      -0.000000, 1.000000, 0.000000, 0.000000,
                      -0.000000,-0.000000, 1.000000, 0.000000,
                       0.000000, 3.238797,-0.000002, 1.000000;;
                    }
                  } // End of root_BagLeftLeg02_end
                } // End of root_BagLeftLeg02
              } // End of root_BagLeftLeg01
              Frame root_BagRightLeg01 {
                FrameTransformMatrix {
                  -0.000000, 1.000000,-0.000000, 0.000000,
                  -1.000000,-0.000000, 0.000000, 0.000000,
                   0.000000, 0.000000, 1.000000, 0.000000,
                  -2.700004,-3.000001, 0.799998, 1.000000;;
                }
                Frame root_BagRightLeg02 {
                  FrameTransformMatrix {
                     1.000000, 0.000000, 0.000000, 0.000000,
                    -0.000000, 1.000000,-0.000000, 0.000000,
                    -0.000000, 0.000000, 1.000000, 0.000000,
                    -1.000001, 2.499997, 1.799999, 1.000000;;
                  }
                  Frame root_BagRightLeg02_end {
                    FrameTransformMatrix {
                       1.000000, 0.000000,-0.000000, 0.000000,
                      -0.000000, 1.000000, 0.000000, 0.000000,
                      -0.000000,-0.000000, 1.000000, 0.000000,
                       0.000000, 3.238799,-0.000000, 1.000000;;
                    }
                  } // End of root_BagRightLeg02_end
                } // End of root_BagRightLeg02
              } // End of root_BagRightLeg01
            } // End of root_BagHip
          } // End of root_BagSpine
        } // End of root_BagNeck
      } // End of root_BagHead
      Frame root_LeftUpLeg {
        FrameTransformMatrix {
           0.986038, 0.132834, 0.100424, 0.000000,
           0.160181,-0.591743,-0.790052, 0.000000,
          -0.045521, 0.795107,-0.604758, 0.000000,
           6.500000, 0.499999,-3.499992, 1.000000;;
        }
        Frame root_LeftLeg {
          FrameTransformMatrix {
             0.995924,-0.067570, 0.059741, 0.000000,
             0.027069, 0.855769, 0.516650, 0.000000,
            -0.086035,-0.512927, 0.854110, 0.000000,
             0.000000,27.500004, 1.000003, 1.000000;;
          }
          Frame root_BootsLeft01 {
            FrameTransformMatrix {
               1.000000,-0.000000,-0.000000, 0.000000,
               0.000000,-1.000000,-0.000000, 0.000000,
              -0.000000, 0.000000,-1.000000, 0.000000,
               0.473101,22.674496, 3.399999, 1.000000;;
            }
            Frame root_BootsLeft02 {
              FrameTransformMatrix {
                 1.000000, 0.000000,-0.000000, 0.000000,
                 0.000000, 1.000000,-0.000000, 0.000000,
                 0.000000, 0.000000, 1.000000, 0.000000,
                 0.000000, 4.000000, 0.000002, 1.000000;;
              }
              Frame root_BootsLeft02_end {
                FrameTransformMatrix {
                   1.000000, 0.000000, 0.000000, 0.000000,
                   0.000000, 1.000000, 0.000000, 0.000000,
                  -0.000000,-0.000000, 1.000000, 0.000000,
                   0.000000, 4.000000, 0.000001, 1.000000;;
                }
              } // End of root_BootsLeft02_end
            } // End of root_BootsLeft02
          } // End of root_BootsLeft01
          Frame root_LeftFoot {
            FrameTransformMatrix {
               0.995647, 0.092908, 0.007412, 0.000000,
               0.003927, 0.037630,-0.999284, 0.000000,
              -0.093121, 0.994963, 0.037102, 0.000000,
               0.000000,35.499996, 2.499998, 1.000000;;
            }
            Frame root_LeftToe {
              FrameTransformMatrix {
                 1.000000, 0.000000, 0.000000, 0.000000,
                -0.000000, 1.000000, 0.000000, 0.000000,
                -0.000000,-0.000000, 1.000000, 0.000000,
                 0.000001, 9.500000, 8.499999, 1.000000;;
              }
              Frame root_LeftToe_end {
                FrameTransformMatrix {
                   1.000000, 0.000000,-0.000000, 0.000000,
                  -0.000000, 1.000000,-0.000000, 0.000000,
                  -0.000000, 0.000000, 1.000000, 0.000000,
                   0.000000,12.747494,-0.000000, 1.000000;;
                }
              } // End of root_LeftToe_end
            } // End of root_LeftToe
          } // End of root_LeftFoot
        } // End of root_LeftLeg
      } // End of root_LeftUpLeg
      Frame root_RightUpLeg {
        FrameTransformMatrix {
           0.961198,-0.233815,-0.146389, 0.000000,
          -0.217212,-0.314364,-0.924118, 0.000000,
           0.170054, 0.920058,-0.352953, 0.000000,
          -6.500000, 0.500000,-3.499992, 1.000000;;
        }
        Frame root_RightLeg {
          FrameTransformMatrix {
             0.992370, 0.041807,-0.115988, 0.000000,
             0.027260, 0.843071, 0.537111, 0.000000,
             0.120241,-0.536175, 0.835499, 0.000000,
             0.000000,27.500000, 0.999998, 1.000000;;
          }
          Frame root_BootsRight01 {
            FrameTransformMatrix {
               1.000000,-0.000000,-0.000000, 0.000000,
               0.000000, 1.000000,-0.000000, 0.000000,
               0.000000, 0.000000, 1.000000, 0.000000,
              -0.473098,22.674496, 3.400001, 1.000000;;
            }
            Frame root_BootsRight02 {
              FrameTransformMatrix {
                 1.000000, 0.000000,-0.000000, 0.000000,
                -0.000000, 1.000000, 0.000000, 0.000000,
                -0.000000,-0.000000, 1.000000, 0.000000,
                 0.000000, 3.999999, 0.000001, 1.000000;;
              }
              Frame root_BootsRight02_end {
                FrameTransformMatrix {
                   1.000000,-0.000000,-0.000000, 0.000000,
                   0.000000, 1.000000,-0.000000, 0.000000,
                   0.000000, 0.000000, 1.000000, 0.000000,
                   0.000002, 4.000001,-0.000000, 1.000000;;
                }
              } // End of root_BootsRight02_end
            } // End of root_BootsRight02
          } // End of root_BootsRight01
          Frame root_RightFoot {
            FrameTransformMatrix {
               0.983778,-0.178858, 0.013811, 0.000000,
              -0.029715,-0.238398,-0.970713, 0.000000,
               0.176912, 0.954555,-0.239845, 0.000000,
               0.000002,35.499996, 2.500001, 1.000000;;
            }
            Frame root_RightToe {
              FrameTransformMatrix {
                 1.000000,-0.000000, 0.000000, 0.000000,
                 0.000000, 1.000000, 0.000000, 0.000000,
                -0.000000,-0.000000, 1.000000, 0.000000,
                 0.000003, 9.500002, 8.500001, 1.000000;;
              }
              Frame root_RightToe_end {
                FrameTransformMatrix {
                   1.000000,-0.000000, 0.000000, 0.000000,
                   0.000000, 1.000000,-0.000000, 0.000000,
                  -0.000000, 0.000000, 1.000000, 0.000000,
                   0.000003,12.747600,-0.000000, 1.000000;;
                }
              } // End of root_RightToe_end
            } // End of root_RightToe
          } // End of root_RightFoot
        } // End of root_RightLeg
      } // End of root_RightUpLeg
      Frame root_Spine {
        FrameTransformMatrix {
           0.997112, 0.071055, 0.026821, 0.000000,
           0.003176,-0.391844, 0.920026, 0.000000,
           0.075882,-0.917284,-0.390937, 0.000000,
           0.000001,-1.500001, 9.000011, 1.000000;;
        }
        Frame root_Spine01 {
          FrameTransformMatrix {
             1.000000, 0.000000, 0.000000, 0.000000,
            -0.000000,-0.000000, 1.000000, 0.000000,
             0.000000,-1.000000,-0.000000, 0.000000,
            -0.000001, 9.000008, 0.500000, 1.000000;;
          }
          Frame root_FastenerFront {
            FrameTransformMatrix {
               1.000000, 0.000000, 0.000000, 0.000000,
              -0.000000, 1.000000, 0.000000, 0.000000,
               0.000000,-0.000000, 1.000000, 0.000000,
               2.772099, 6.630997, 3.900285, 1.000000;;
            }
            Frame root_FastenerFront_end {
              FrameTransformMatrix {
                 1.000000, 0.000000, 0.000000, 0.000000,
                -0.000000, 1.000000, 0.000000, 0.000000,
                 0.000000,-0.000000, 1.000000, 0.000000,
                -0.000000, 8.993401,-0.000007, 1.000000;;
              }
            } // End of root_FastenerFront_end
          } // End of root_FastenerFront
          Frame root_LeftBust {
            FrameTransformMatrix {
               1.000000, 0.000000, 0.000000, 0.000000,
              -0.000000, 1.000000, 0.000000, 0.000000,
               0.000000,-0.000000, 1.000000, 0.000000,
               5.670899, 3.040500,-6.273217, 1.000000;;
            }
            Frame root_LeftBust_end {
              FrameTransformMatrix {
                 1.000000, 0.000000, 0.000000, 0.000000,
                -0.000000, 1.000000, 0.000000, 0.000000,
                 0.000000,-0.000000, 1.000000, 0.000000,
                -0.000001, 8.993396,-0.000008, 1.000000;;
              }
            } // End of root_LeftBust_end
          } // End of root_LeftBust
          Frame root_RightBust {
            FrameTransformMatrix {
               1.000000, 0.000000,-0.000000, 0.000000,
               0.000000,-1.000000,-0.000000, 0.000000,
              -0.000000,-0.000000,-1.000000, 0.000000,
              -5.670901, 3.040498,-6.273020, 1.000000;;
            }
            Frame root_RightBust_end {
              FrameTransformMatrix {
                 1.000000, 0.000000,-0.000000, 0.000000,
                 0.000000, 1.000000, 0.000000, 0.000000,
                 0.000000,-0.000000, 1.000000, 0.000000,
                -0.000001, 8.993397,-0.000004, 1.000000;;
              }
            } // End of root_RightBust_end
          } // End of root_RightBust
          Frame root_Spine02 {
            FrameTransformMatrix {
               1.000000, 0.000000, 0.000000, 0.000000,
              -0.000000, 0.000000,-1.000000, 0.000000,
              -0.000000, 1.000000, 0.000000, 0.000000,
              -0.000001,-2.500003,-9.500015, 1.000000;;
            }
            Frame root_HoodMain01 {
              FrameTransformMatrix {
                 1.000000, 0.000000,-0.000000, 0.000000,
                 0.000000,-1.000000,-0.000000, 0.000000,
                -0.000000, 0.000000,-1.000000, 0.000000,
                 0.000000, 1.000012,-9.465899, 1.000000;;
              }
              Frame root_HoodMain02 {
                FrameTransformMatrix {
                   1.000000,-0.000000,-0.000000, 0.000000,
                   0.000000, 1.000000, 0.000000, 0.000000,
                   0.000000,-0.000000, 1.000000, 0.000000,
                   0.000000, 4.099992,-0.300005, 1.000000;;
                }
                Frame root_HoodMain02_end {
                  FrameTransformMatrix {
                     1.000000,-0.000000, 0.000000, 0.000000,
                     0.000000, 1.000000, 0.000000, 0.000000,
                    -0.000000,-0.000000, 1.000000, 0.000000,
                    -0.000001, 4.110994, 0.000001, 1.000000;;
                  }
                } // End of root_HoodMain02_end
              } // End of root_HoodMain02
            } // End of root_HoodMain01
            Frame root_HoodSubCenter {
              FrameTransformMatrix {
                 1.000000, 0.000000, 0.000000, 0.000000,
                -0.000000, 1.000000, 0.000000, 0.000000,
                -0.000000,-0.000000, 1.000000, 0.000000,
                 0.000000, 3.500010,-14.765894, 1.000000;;
              }
              Frame root_HoodSubCenter_end {
                FrameTransformMatrix {
                   1.000000, 0.000000, 0.000000, 0.000000,
                  -0.000000, 1.000000, 0.000000, 0.000000,
                  -0.000000,-0.000000, 1.000000, 0.000000,
                  -0.000001,11.385098,-0.000000, 1.000000;;
                }
              } // End of root_HoodSubCenter_end
            } // End of root_HoodSubCenter
            Frame root_HoodSubLeftA01 {
              FrameTransformMatrix {
                 1.000000, 0.000000, 0.000000, 0.000000,
                -0.000000, 1.000000, 0.000000, 0.000000,
                -0.000000,-0.000000, 1.000000, 0.000000,
                 3.699999, 4.100005,-14.265897, 1.000000;;
              }
              Frame root_HoodSubLeftA01_end {
                FrameTransformMatrix {
                   1.000000, 0.000000, 0.000000, 0.000000,
                  -0.000000, 1.000000, 0.000000, 0.000000,
                  -0.000000,-0.000000, 1.000000, 0.000000,
                   0.000001,11.385101,-0.000003, 1.000000;;
                }
              } // End of root_HoodSubLeftA01_end
            } // End of root_HoodSubLeftA01
            Frame root_HoodSubLeftB01 {
              FrameTransformMatrix {
                 1.000000, 0.000000, 0.000000, 0.000000,
                -0.000000, 1.000000, 0.000000, 0.000000,
                -0.000000,-0.000000, 1.000000, 0.000000,
                 6.500000, 4.700005,-12.565896, 1.000000;;
              }
              Frame root_HoodSubLeftB01_end {
                FrameTransformMatrix {
                   1.000000, 0.000000, 0.000000, 0.000000,
                  -0.000000, 1.000000, 0.000000, 0.000000,
                  -0.000000,-0.000000, 1.000000, 0.000000,
                  -0.000001,11.385111,-0.000002, 1.000000;;
                }
              } // End of root_HoodSubLeftB01_end
            } // End of root_HoodSubLeftB01
            Frame root_HoodSubRightA01 {
              FrameTransformMatrix {
                 1.000000, 0.000000, 0.000000, 0.000000,
                -0.000000,-1.000000,-0.000000, 0.000000,
                 0.000000, 0.000000,-1.000000, 0.000000,
                -3.700001, 4.100000,-14.265895, 1.000000;;
              }
              Frame root_HoodSubRightA01_end {
                FrameTransformMatrix {
                   1.000000,-0.000000, 0.000000, 0.000000,
                   0.000000, 1.000000,-0.000000, 0.000000,
                  -0.000000, 0.000000, 1.000000, 0.000000,
                  -0.000001,11.385103, 0.000004, 1.000000;;
                }
              } // End of root_HoodSubRightA01_end
            } // End of root_HoodSubRightA01
            Frame root_HoodSubRightB01 {
              FrameTransformMatrix {
                 1.000000, 0.000000, 0.000000, 0.000000,
                -0.000000,-1.000000,-0.000000, 0.000000,
                 0.000000, 0.000000,-1.000000, 0.000000,
                -6.500001, 4.700004,-12.565896, 1.000000;;
              }
              Frame root_HoodSubRightB01_end {
                FrameTransformMatrix {
                   1.000000,-0.000000, 0.000000, 0.000000,
                   0.000000, 1.000000,-0.000000, 0.000000,
                  -0.000000, 0.000000, 1.000000, 0.000000,
                  -0.000001,11.385090,-0.000001, 1.000000;;
                }
              } // End of root_HoodSubRightB01_end
            } // End of root_HoodSubRightB01
            Frame root_LeftShoulder {
              FrameTransformMatrix {
                -0.124372, 0.970526, 0.206425, 0.000000,
                 0.939001, 0.047896, 0.340562, 0.000000,
                 0.320637, 0.236190,-0.917282, 0.000000,
                 5.000000, 4.500008,-3.999999, 1.000000;;
              }
              Frame root_LeftArm {
                FrameTransformMatrix {
                   0.194271, 0.969258,-0.150988, 0.000000,
                  -0.827478, 0.079261,-0.555876, 0.000000,
                  -0.526820, 0.232929, 0.817438, 0.000000,
                  -0.999997, 4.999999,-0.000001, 1.000000;;
                }
                Frame root_LeftForeArm {
                  FrameTransformMatrix {
                     0.999210,-0.028143, 0.028068, 0.000000,
                     0.039729, 0.728781,-0.683593, 0.000000,
                    -0.001217, 0.684168, 0.729324, 0.000000,
                    -0.000001,18.000004,-0.000001, 1.000000;;
                  }
                  Frame root_LeftHand {
                    FrameTransformMatrix {
                       0.898777, 0.267657, 0.347216, 0.000000,
                      -0.227999, 0.961839,-0.151266, 0.000000,
                      -0.374454, 0.056790, 0.925505, 0.000000,
                       0.000003,20.500000, 0.000002, 1.000000;;
                    }
                    Frame root_LeftHandIndex1 {
                      FrameTransformMatrix {
                         0.292684, 0.953883, 0.066651, 0.000000,
                        -0.951222, 0.297560,-0.081457, 0.000000,
                        -0.097533,-0.039559, 0.994446, 0.000000,
                         0.099997, 8.500002,-3.099999, 1.000000;;
                      }
                      Frame root_LeftHandIndex2 {
                        FrameTransformMatrix {
                           0.682540, 0.729500, 0.044371, 0.000000,
                          -0.730608, 0.682613, 0.015842, 0.000000,
                          -0.018732,-0.043230, 0.998889, 0.000000,
                          -0.000003, 2.599997, 0.000001, 1.000000;;
                        }
                        Frame root_LeftHandIndex3 {
                          FrameTransformMatrix {
                             0.195767, 0.980586, 0.011245, 0.000000,
                            -0.976129, 0.195951,-0.093676, 0.000000,
                            -0.094060, 0.007362, 0.995539, 0.000000,
                             0.000003, 3.000007,-0.000006, 1.000000;;
                          }
                          Frame root_LeftHandIndex3_end {
                            FrameTransformMatrix {
                               1.000000,-0.000000, 0.000000, 0.000000,
                               0.000000, 1.000000, 0.000000, 0.000000,
                               0.000000, 0.000000, 1.000000, 0.000000,
                               0.000001, 3.000000, 0.000004, 1.000000;;
                            }
                          } // End of root_LeftHandIndex3_end
                        } // End of root_LeftHandIndex3
                      } // End of root_LeftHandIndex2
                    } // End of root_LeftHandIndex1
                    Frame root_LeftHandMiddle1 {
                      FrameTransformMatrix {
                         0.152966, 0.979220, 0.133151, 0.000000,
                        -0.988227, 0.151166, 0.023584, 0.000000,
                         0.002966,-0.135191, 0.990815, 0.000000,
                         0.499998, 8.500005,-1.200001, 1.000000;;
                      }
                      Frame root_LeftHandMiddle2 {
                        FrameTransformMatrix {
                           0.294428, 0.955624,-0.009784, 0.000000,
                          -0.955624, 0.294293,-0.013211, 0.000000,
                          -0.009745, 0.013239, 0.999865, 0.000000,
                          -0.000004, 3.000003, 0.000000, 1.000000;;
                        }
                        Frame root_LeftHandMiddle3 {
                          FrameTransformMatrix {
                             0.939842, 0.341032, 0.019870, 0.000000,
                            -0.340802, 0.940029,-0.014091, 0.000000,
                            -0.023484, 0.006471, 0.999703, 0.000000,
                             0.000002, 3.000005,-0.000003, 1.000000;;
                          }
                          Frame root_LeftHandMiddle3_end {
                            FrameTransformMatrix {
                               1.000000, 0.000000,-0.000000, 0.000000,
                               0.000000, 1.000000, 0.000000, 0.000000,
                               0.000000,-0.000000, 1.000000, 0.000000,
                              -0.000002, 2.999998,-0.000002, 1.000000;;
                            }
                          } // End of root_LeftHandMiddle3_end
                        } // End of root_LeftHandMiddle3
                      } // End of root_LeftHandMiddle2
                    } // End of root_LeftHandMiddle1
                    Frame root_LeftHandPinky1 {
                      FrameTransformMatrix {
                         0.657222, 0.658939, 0.365867, 0.000000,
                        -0.694227, 0.718251,-0.046526, 0.000000,
                        -0.293442,-0.223417, 0.929503, 0.000000,
                        -0.000007, 7.800003, 2.600002, 1.000000;;
                      }
                      Frame root_LeftHandPinky2 {
                        FrameTransformMatrix {
                           0.196734, 0.980394,-0.011057, 0.000000,
                          -0.980394, 0.196582,-0.013547, 0.000000,
                          -0.011108, 0.013506, 0.999847, 0.000000,
                          -0.000001, 2.500000,-0.000001, 1.000000;;
                        }
                        Frame root_LeftHandPinky3 {
                          FrameTransformMatrix {
                             0.896528, 0.442984,-0.001493, 0.000000,
                            -0.442984, 0.896508,-0.006156, 0.000000,
                            -0.001389, 0.006181, 0.999980, 0.000000,
                             0.000000, 2.285403,-0.000003, 1.000000;;
                          }
                          Frame root_LeftHandPinky3_end {
                            FrameTransformMatrix {
                               1.000000, 0.000000,-0.000000, 0.000000,
                               0.000000, 1.000000,-0.000000, 0.000000,
                               0.000000, 0.000000, 1.000000, 0.000000,
                              -0.000001, 2.285396,-0.000003, 1.000000;;
                            }
                          } // End of root_LeftHandPinky3_end
                        } // End of root_LeftHandPinky3
                      } // End of root_LeftHandPinky2
                    } // End of root_LeftHandPinky1
                    Frame root_LeftHandRing1 {
                      FrameTransformMatrix {
                         0.243414, 0.932433, 0.267053, 0.000000,
                        -0.960942, 0.269219,-0.064114, 0.000000,
                        -0.131678,-0.241016, 0.961547, 0.000000,
                         0.400000, 8.300005, 0.799999, 1.000000;;
                      }
                      Frame root_LeftHandRing2 {
                        FrameTransformMatrix {
                           0.629168, 0.777230, 0.007811, 0.000000,
                          -0.777253, 0.629188,-0.000188, 0.000000,
                          -0.005060,-0.005953, 0.999969, 0.000000,
                          -0.000001, 2.911005, 0.000002, 1.000000;;
                        }
                        Frame root_LeftHandRing3 {
                          FrameTransformMatrix {
                             0.768623, 0.639702, 0.000469, 0.000000,
                            -0.629537, 0.756279, 0.178118, 0.000000,
                             0.113587,-0.137201, 0.984009, 0.000000,
                             0.000003, 2.760395, 0.000000, 1.000000;;
                          }
                          Frame root_LeftHandRing3_end {
                            FrameTransformMatrix {
                               1.000000, 0.000000, 0.000000, 0.000000,
                               0.000000, 1.000000, 0.000000, 0.000000,
                              -0.000000,-0.000000, 1.000000, 0.000000,
                               0.000000, 2.760398,-0.000002, 1.000000;;
                            }
                          } // End of root_LeftHandRing3_end
                        } // End of root_LeftHandRing3
                      } // End of root_LeftHandRing2
                    } // End of root_LeftHandRing1
                    Frame root_LeftHandThumb1 {
                      FrameTransformMatrix {
                         0.313257,-0.506866,-0.803092, 0.000000,
                        -0.432571, 0.676678,-0.595810, 0.000000,
                         0.845430, 0.534036,-0.007281, 0.000000,
                        -1.099999, 3.100002,-3.600002, 1.000000;;
                      }
                      Frame root_LeftHandThumb2 {
                        FrameTransformMatrix {
                           0.740544, 0.600821, 0.301012, 0.000000,
                          -0.625331, 0.780135,-0.018725, 0.000000,
                          -0.246081,-0.174365, 0.953437, 0.000000,
                           0.000005, 3.199997,-0.000002, 1.000000;;
                        }
                        Frame root_LeftHandThumb3 {
                          FrameTransformMatrix {
                             0.114304, 0.752428,-0.648681, 0.000000,
                            -0.742586, 0.498460, 0.447329, 0.000000,
                             0.659924, 0.430570, 0.615718, 0.000000,
                             0.000000, 3.400005,-0.000004, 1.000000;;
                          }
                          Frame root_LeftHandThumb3_end {
                            FrameTransformMatrix {
                               1.000000, 0.000000, 0.000000, 0.000000,
                              -0.000000, 1.000000,-0.000000, 0.000000,
                              -0.000000,-0.000000, 1.000000, 0.000000,
                               0.000004, 3.399992,-0.000001, 1.000000;;
                            }
                          } // End of root_LeftHandThumb3_end
                        } // End of root_LeftHandThumb3
                      } // End of root_LeftHandThumb2
                    } // End of root_LeftHandThumb1
                  } // End of root_LeftHand
                } // End of root_LeftForeArm
              } // End of root_LeftArm
            } // End of root_LeftShoulder
            Frame root_Neck {
              FrameTransformMatrix {
                 0.997441, 0.012968,-0.070303, 0.000000,
                -0.019327, 0.995705,-0.090541, 0.000000,
                 0.068827, 0.091668, 0.993408, 0.000000,
                -0.000001, 6.300008,-1.599998, 1.000000;;
              }
              Frame root_Head {
                FrameTransformMatrix {
                   0.989033,-0.088931,-0.117916, 0.000000,
                   0.057017, 0.966406,-0.250617, 0.000000,
                   0.136242, 0.241145, 0.960878, 0.000000,
                   0.000001, 4.699999, 0.700003, 1.000000;;
                }
                Frame root_Hair {
                  FrameTransformMatrix {
                     0.000000, 1.000000, 0.000000, 0.000000,
                     1.000000, 0.000000, 0.000000, 0.000000,
                    -0.000000, 0.000000,-1.000000, 0.000000,
                     0.000000,10.500005,-1.999997, 1.000000;;
                  }
                  Frame root_HairBackA01 {
                    FrameTransformMatrix {
                       1.000000,-0.000000, 0.000000, 0.000000,
                      -0.000000, 1.000000, 0.000000, 0.000000,
                      -0.000000, 0.000000, 1.000000, 0.000000,
                       8.999986,10.799999, 6.465901, 1.000000;;
                    }
                    Frame root_HairBackA02 {
                      FrameTransformMatrix {
                         1.000000,-0.000000, 0.000000, 0.000000,
                        -0.000000, 1.000000,-0.000000, 0.000000,
                        -0.000000, 0.000000, 1.000000, 0.000000,
                         1.999964, 4.500001, 3.200001, 1.000000;;
                      }
                      Frame root_HairBackA03 {
                        FrameTransformMatrix {
                           1.000000, 0.000000, 0.000000, 0.000000,
                          -0.000000, 1.000000, 0.000000, 0.000000,
                          -0.000000,-0.000000, 1.000000, 0.000000,
                           0.400002, 4.300003, 2.900000, 1.000000;;
                        }
                        Frame root_HairBackA04 {
                          FrameTransformMatrix {
                             1.000000,-0.000001,-0.000000, 0.000000,
                             0.000001, 1.000000,-0.000000, 0.000000,
                            -0.000000, 0.000000, 1.000000, 0.000000,
                            -0.000018, 4.400001, 3.299997, 1.000000;;
                          }
                          Frame root_HairBackA04_end {
                            FrameTransformMatrix {
                               1.000000,-0.000000, 0.000000, 0.000000,
                              -0.000000, 1.000000, 0.000000, 0.000000,
                              -0.000000,-0.000000, 1.000000, 0.000000,
                              -0.000030, 5.500002, 0.000001, 1.000000;;
                            }
                          } // End of root_HairBackA04_end
                        } // End of root_HairBackA04
                      } // End of root_HairBackA03
                    } // End of root_HairBackA02
                  } // End of root_HairBackA01
                  Frame root_HairBackB01 {
                    FrameTransformMatrix {
                       0.000000, 1.000000, 0.000000, 0.000000,
                      -1.000000, 0.000000,-0.000000, 0.000000,
                      -0.000000,-0.000000, 1.000000, 0.000000,
                       1.599991,13.600001, 6.865901, 1.000000;;
                    }
                    Frame root_HairBackB02 {
                      FrameTransformMatrix {
                         1.000000, 0.000000, 0.000000, 0.000000,
                        -0.000000, 1.000000, 0.000000, 0.000000,
                         0.000000,-0.000000, 1.000000, 0.000000,
                         0.100000, 4.500000,-0.799998, 1.000000;;
                      }
                      Frame root_HairBackB03 {
                        FrameTransformMatrix {
                           1.000000,-0.000000,-0.000000, 0.000000,
                           0.000000, 1.000000,-0.000000, 0.000000,
                           0.000000, 0.000000, 1.000000, 0.000000,
                           0.700001, 5.699994, 0.200000, 1.000000;;
                        }
                        Frame root_HairBackB04 {
                          FrameTransformMatrix {
                             1.000000, 0.000000, 0.000000, 0.000000,
                            -0.000000, 1.000000, 0.000000, 0.000000,
                             0.000000, 0.000000, 1.000000, 0.000000,
                             1.500001, 4.199993, 1.100001, 1.000000;;
                          }
                          Frame root_HairBackB04_end {
                            FrameTransformMatrix {
                               1.000000, 0.000000, 0.000000, 0.000000,
                              -0.000000, 1.000000, 0.000000, 0.000000,
                               0.000000, 0.000000, 1.000000, 0.000000,
                              -0.000000, 4.593501,-0.000001, 1.000000;;
                            }
                          } // End of root_HairBackB04_end
                        } // End of root_HairBackB04
                      } // End of root_HairBackB03
                    } // End of root_HairBackB02
                  } // End of root_HairBackB01
                  Frame root_HairBackC01 {
                    FrameTransformMatrix {
                       0.000000, 1.000000, 0.000000, 0.000000,
                      -1.000000, 0.000000,-0.000000, 0.000000,
                      -0.000000,-0.000000, 1.000000, 0.000000,
                       1.599987,12.500002, 9.265900, 1.000000;;
                    }
                    Frame root_HairBackC02 {
                      FrameTransformMatrix {
                         1.000000, 0.000000, 0.000000, 0.000000,
                         0.000000, 1.000000,-0.000000, 0.000000,
                        -0.000000, 0.000000, 1.000000, 0.000000,
                         1.600000, 4.299997,-0.200000, 1.000000;;
                      }
                      Frame root_HairBackC03 {
                        FrameTransformMatrix {
                           1.000000, 0.000000, 0.000000, 0.000000,
                          -0.000000, 1.000000,-0.000000, 0.000000,
                           0.000000, 0.000000, 1.000000, 0.000000,
                           1.700000, 4.000010, 0.200003, 1.000000;;
                        }
                        Frame root_HairBackC04 {
                          FrameTransformMatrix {
                            -0.000001,-1.000000,-0.000000, 0.000000,
                             1.000000,-0.000001,-0.000000, 0.000000,
                             0.000000,-0.000000, 1.000000, 0.000000,
                             2.900000, 3.900002, 1.400001, 1.000000;;
                          }
                          Frame root_HairBackC05 {
                            FrameTransformMatrix {
                               1.000000, 0.000001, 0.000000, 0.000000,
                              -0.000001, 1.000000,-0.000000, 0.000000,
                              -0.000000, 0.000000, 1.000000, 0.000000,
                              -2.400008, 4.200003, 2.300000, 1.000000;;
                            }
                            Frame root_HairBackC06 {
                              FrameTransformMatrix {
