xof 0303txt 0032

template XSkinMeshHeader {
  <3cf169ce-ff7c-44ab-93c0-f78f62d172e2>
  WORD nMaxSkinWeightsPerVertex;
  WORD nMaxSkinWeightsPerFace;
  WORD nBones;
}

template SkinWeights {
  <6f0d123b-bad2-4167-a0d0-80224f25fabb>
  STRING transformNodeName;
  DWORD nWeights;
  array DWORD vertexIndices[nWeights];
  array float weights[nWeights];
  Matrix4x4 matrixOffset;
}

Frame Root {
  FrameTransformMatrix {
     1.000000, 0.000000, 0.000000, 0.000000,
     0.000000,-0.000000,-1.000000, 0.000000,
     0.000000, 1.000000,-0.000000, 0.000000,
     0.000000, 0.000000, 0.000000, 1.000000;;
  }
  Frame Armature {
    FrameTransformMatrix {
       0.100000, 0.000000, 0.000000, 0.000000,
       0.000000,-0.000000, 0.100000, 0.000000,
       0.000000,-0.100000,-0.000000, 0.000000,
       0.000000, 0.000000, 0.000000, 1.000000;;
    }
    Frame Armature_mixamorig_Hips {
      FrameTransformMatrix {
         0.996163,-0.032602, 0.081218, 0.000000,
         0.002634, 0.938774, 0.344523, 0.000000,
        -0.087478,-0.342987, 0.935258, 0.000000,
         0.087399,75.136353, 2.599022, 1.000000;;
      }
      Frame Armature_mixamorig_BackCloth1 {
        FrameTransformMatrix {
          -0.000002,-1.000000,-0.000000, 0.000000,
           1.000000,-0.000002,-0.000000, 0.000000,
           0.000000, 0.000000, 1.000000, 0.000000,
          -0.000000,-5.419206,-29.326996, 1.000000;;
        }
        Frame Armature_mixamorig_BackCloth2 {
          FrameTransformMatrix {
             1.000000, 0.000000,-0.000000, 0.000000,
             0.000000, 1.000000,-0.000000, 0.000000,
            -0.000000,-0.000000, 1.000000, 0.000000,
            15.308603, 0.000000, 0.000003, 1.000000;;
          }
          Frame Armature_mixamorig_BackCloth3 {
            FrameTransformMatrix {
               1.000000, 0.000000,-0.000000, 0.000000,
               0.000000, 1.000000,-0.000000, 0.000000,
              -0.000000,-0.000000, 1.000000, 0.000000,
              17.777103, 0.000002,-0.000001, 1.000000;;
            }
            Frame Armature_mixamorig_BackCloth4 {
              FrameTransformMatrix {
                 1.000000, 0.000000,-0.000000, 0.000000,
                 0.000000, 1.000000,-0.000000, 0.000000,
                -0.000000,-0.000000, 1.000000, 0.000000,
                15.545401, 0.000002, 0.000004, 1.000000;;
              }
            } // End of Armature_mixamorig_BackCloth4
          } // End of Armature_mixamorig_BackCloth3
        } // End of Armature_mixamorig_BackCloth2
      } // End of Armature_mixamorig_BackCloth1
      Frame Armature_mixamorig_FrontCloth1 {
        FrameTransformMatrix {
           1.000000,-0.000002,-0.000000, 0.000000,
          -0.000002,-1.000000,-0.000000, 0.000000,
          -0.000000,-0.000000,-1.000000, 0.000000,
          -0.000000,-19.940712,22.170202, 1.000000;;
        }
        Frame Armature_mixamorig_FrontCloth2 {
          FrameTransformMatrix {
            -1.000000,-0.000000, 0.000000, 0.000000,
            -0.000000, 1.000000, 0.000000, 0.000000,
            -0.000000, 0.000000,-1.000000, 0.000000,
             0.000000,10.763297,-0.000002, 1.000000;;
          }
          Frame Armature_mixamorig_FrontCloth3 {
            FrameTransformMatrix {
              -1.000000, 0.000000,-0.000000, 0.000000,
              -0.000000, 1.000000,-0.000000, 0.000000,
               0.000000,-0.000000,-1.000000, 0.000000,
               0.000000,13.749506,-0.000000, 1.000000;;
            }
            Frame Armature_mixamorig_FrontCloth4 {
              FrameTransformMatrix {
                 1.000000, 0.000000,-0.000000, 0.000000,
                 0.000000, 1.000000, 0.000000, 0.000000,
                 0.000000, 0.000000, 1.000000, 0.000000,
                 0.000000,14.182597, 0.000001, 1.000000;;
              }
            } // End of Armature_mixamorig_FrontCloth4
          } // End of Armature_mixamorig_FrontCloth3
        } // End of Armature_mixamorig_FrontCloth2
      } // End of Armature_mixamorig_FrontCloth1
      Frame Armature_mixamorig_LeftUpLeg {
        FrameTransformMatrix {
          -0.985652, 0.005249, 0.168711, 0.000000,
           0.158516,-0.314645, 0.935880, 0.000000,
           0.057997, 0.949195, 0.309299, 0.000000,
          19.899096,-7.885106,-3.429497, 1.000000;;
        }
        Frame Armature_mixamorig_LeftLeg {
          FrameTransformMatrix {
             0.997677, 0.068048,-0.003056, 0.000000,
             0.022729,-0.374871,-0.926798, 0.000000,
            -0.064212, 0.924576,-0.375547, 0.000000,
            -0.000001,38.282917,-0.000001, 1.000000;;
          }
          Frame Armature_mixamorig_LeftFoot {
            FrameTransformMatrix {
               0.997712,-0.061788,-0.027460, 0.000000,
               0.048181, 0.364759, 0.929854, 0.000000,
              -0.047437,-0.929049, 0.366902, 0.000000,
              -0.000001,32.683987,-0.000001, 1.000000;;
            }
            Frame Armature_mixamorig_LeftToeBase {
              FrameTransformMatrix {
                 0.998454,-0.049960, 0.024353, 0.000000,
                -0.013135, 0.213654, 0.976821, 0.000000,
                -0.054005,-0.975631, 0.212668, 0.000000,
                -0.000003,27.100008, 0.000000, 1.000000;;
              }
              Frame Armature_mixamorig_LeftToe_End {
                FrameTransformMatrix {
                   1.000000, 0.000000, 0.000000, 0.000000,
                  -0.000000, 1.000000,-0.000000, 0.000000,
                   0.000000, 0.000000, 1.000000, 0.000000,
                   0.000004,16.631996,-0.000000, 1.000000;;
                }
              } // End of Armature_mixamorig_LeftToe_End
            } // End of Armature_mixamorig_LeftToeBase
          } // End of Armature_mixamorig_LeftFoot
        } // End of Armature_mixamorig_LeftLeg
      } // End of Armature_mixamorig_LeftUpLeg
      Frame Armature_mixamorig_RightUpLeg {
        FrameTransformMatrix {
          -0.961239,-0.148730,-0.232159, 0.000000,
          -0.076614,-0.664783, 0.743097, 0.000000,
          -0.264857, 0.732080, 0.627618, 0.000000,
          -19.899096,-7.885006,-3.429498, 1.000000;;
        }
        Frame Armature_mixamorig_RightLeg {
          FrameTransformMatrix {
             0.944256, 0.317343, 0.087608, 0.000000,
             0.118617,-0.079713,-0.989735, 0.000000,
            -0.307102, 0.944955,-0.112912, 0.000000,
             0.000000,38.282909, 0.000000, 1.000000;;
          }
          Frame Armature_mixamorig_RightFoot {
            FrameTransformMatrix {
               0.947520,-0.285928,-0.143008, 0.000000,
               0.107335,-0.136839, 0.984761, 0.000000,
              -0.301140,-0.948430,-0.098968, 0.000000,
              -0.000002,32.684067,-0.000003, 1.000000;;
            }
            Frame Armature_mixamorig_RightToeBase {
              FrameTransformMatrix {
                 1.000000, 0.000021, 0.000038, 0.000000,
                -0.000043, 0.458003, 0.888951, 0.000000,
                 0.000002,-0.888951, 0.458003, 0.000000,
                -0.000000,27.100008,-0.000000, 1.000000;;
              }
              Frame Armature_mixamorig_RightToe_End {
                FrameTransformMatrix {
                   1.000000,-0.000000,-0.000000, 0.000000,
                   0.000000, 1.000000, 0.000000, 0.000000,
                  -0.000000,-0.000000, 1.000000, 0.000000,
                  -0.000001,16.631945,-0.000000, 1.000000;;
                }
              } // End of Armature_mixamorig_RightToe_End
            } // End of Armature_mixamorig_RightToeBase
          } // End of Armature_mixamorig_RightFoot
        } // End of Armature_mixamorig_RightLeg
      } // End of Armature_mixamorig_RightUpLeg
      Frame Armature_mixamorig_Spine {
        FrameTransformMatrix {
           0.993018, 0.084926,-0.081875, 0.000000,
          -0.040286, 0.896468, 0.441273, 0.000000,
           0.110874,-0.434894, 0.893630, 0.000000,
          -0.000000,13.784786, 0.064403, 1.000000;;
        }
        Frame Armature_mixamorig_Spine1 {
          FrameTransformMatrix {
             0.996040, 0.083101, 0.031597, 0.000000,
            -0.088590, 0.957627, 0.274048, 0.000000,
            -0.007485,-0.275761, 0.961197, 0.000000,
            -0.000000,12.024298, 0.000005, 1.000000;;
          }
          Frame Armature_mixamorig_Spine2 {
            FrameTransformMatrix {
               0.996854, 0.074780, 0.026270, 0.000000,
              -0.079062, 0.961573, 0.262920, 0.000000,
              -0.005599,-0.264170, 0.964460, 0.000000,
               0.000000,17.815794, 0.000001, 1.000000;;
            }
            Frame Armature_mixamorig_LeftShoulder {
              FrameTransformMatrix {
                 0.109729, 0.059276,-0.992193, 0.000000,
                 0.986128, 0.118588, 0.116143, 0.000000,
                 0.124546,-0.991173,-0.045441, 0.000000,
                17.399498,24.614197, 1.157913, 1.000000;;
              }
              Frame Armature_mixamorig_LeftArm {
                FrameTransformMatrix {
                   0.910011, 0.307916, 0.277610, 0.000000,
                  -0.413767, 0.632541, 0.654744, 0.000000,
                   0.026007,-0.710690, 0.703025, 0.000000,
                   0.000006,19.910393, 0.000003, 1.000000;;
                }
                Frame Armature_mixamorig_LeftForeArm {
                  FrameTransformMatrix {
                     0.671053, 0.741410,-0.000003, 0.000000,
                    -0.741410, 0.671053,-0.000018, 0.000000,
                    -0.000011, 0.000014, 1.000000, 0.000000,
                     0.000004,49.301308,-0.000008, 1.000000;;
                  }
                  Frame Armature_mixamorig_LeftHand {
                    FrameTransformMatrix {
                       0.496515, 0.399208, 0.770783, 0.000000,
                      -0.203534, 0.916757,-0.343701, 0.000000,
                      -0.843829, 0.013772, 0.536436, 0.000000,
                      -0.000002,31.604708, 0.000008, 1.000000;;
                    }
                    Frame Armature_mixamorig_LeftHandIndex1 {
                      FrameTransformMatrix {
                         0.992744,-0.120211,-0.002995, 0.000000,
                         0.119774, 0.990732,-0.064061, 0.000000,
                         0.010668, 0.063237, 0.997942, 0.000000,
                        -6.192903,21.271088, 0.498703, 1.000000;;
                      }
                      Frame Armature_mixamorig_LeftHandIndex2 {
                        FrameTransformMatrix {
                           0.999143,-0.040372,-0.009137, 0.000000,
                           0.040372, 0.901742, 0.430385, 0.000000,
                          -0.009137,-0.430385, 0.902599, 0.000000,
                           0.000006, 7.536490,-0.000009, 1.000000;;
                        }
                        Frame Armature_mixamorig_LeftHandIndex3 {
                          FrameTransformMatrix {
                             0.999993, 0.001237, 0.003502, 0.000000,
                            -0.002238, 0.953217, 0.302278, 0.000000,
                            -0.002964,-0.302284, 0.953213, 0.000000,
                             0.000004, 7.512294, 0.000006, 1.000000;;
                          }
                          Frame Armature_mixamorig_LeftHandIndex4 {
                            FrameTransformMatrix {
                               1.000000,-0.000000,-0.000000, 0.000000,
                               0.000000, 1.000000, 0.000000, 0.000000,
                               0.000000,-0.000000, 1.000000, 0.000000,
                               0.000001,10.212399,-0.000002, 1.000000;;
                            }
                          } // End of Armature_mixamorig_LeftHandIndex4
                        } // End of Armature_mixamorig_LeftHandIndex3
                      } // End of Armature_mixamorig_LeftHandIndex2
                    } // End of Armature_mixamorig_LeftHandIndex1
                    Frame Armature_mixamorig_LeftHandMiddle1 {
                      FrameTransformMatrix {
                         0.992744,-0.120211,-0.002995, 0.000000,
                         0.119774, 0.990732,-0.064061, 0.000000,
                         0.010668, 0.063237, 0.997942, 0.000000,
                         0.016500,23.334379, 0.008596, 1.000000;;
                      }
                      Frame Armature_mixamorig_LeftHandMiddle2 {
                        FrameTransformMatrix {
                           0.999143,-0.040372,-0.009137, 0.000000,
                           0.040372, 0.901742, 0.430385, 0.000000,
                          -0.009137,-0.430385, 0.902599, 0.000000,
                          -0.000004, 6.996598,-0.000000, 1.000000;;
                        }
                        Frame Armature_mixamorig_LeftHandMiddle3 {
                          FrameTransformMatrix {
                             0.999799,-0.019924,-0.002140, 0.000000,
                             0.019924, 0.976980, 0.212397, 0.000000,
                            -0.002141,-0.212397, 0.977181, 0.000000,
                             0.000004, 7.015998,-0.000010, 1.000000;;
                          }
                          Frame Armature_mixamorig_LeftHandMiddle4 {
                            FrameTransformMatrix {
                               1.000000,-0.000000, 0.000000, 0.000000,
                               0.000000, 1.000000,-0.000000, 0.000000,
                               0.000000, 0.000000, 1.000000, 0.000000,
                               0.000000, 7.721602,-0.000004, 1.000000;;
                            }
                          } // End of Armature_mixamorig_LeftHandMiddle4
                        } // End of Armature_mixamorig_LeftHandMiddle3
                      } // End of Armature_mixamorig_LeftHandMiddle2
                    } // End of Armature_mixamorig_LeftHandMiddle1
                    Frame Armature_mixamorig_LeftHandPinky1 {
                      FrameTransformMatrix {
                         0.992744,-0.120211,-0.002995, 0.000000,
                         0.119774, 0.990732,-0.064061, 0.000000,
                         0.010668, 0.063237, 0.997942, 0.000000,
                        11.443199,18.881187, 0.461808, 1.000000;;
                      }
                      Frame Armature_mixamorig_LeftHandPinky2 {
                        FrameTransformMatrix {
                           0.999143,-0.040372,-0.009137, 0.000000,
                           0.040372, 0.901742, 0.430385, 0.000000,
                          -0.009137,-0.430385, 0.902599, 0.000000,
                           0.000003, 4.919599, 0.000001, 1.000000;;
                        }
                        Frame Armature_mixamorig_LeftHandPinky3 {
                          FrameTransformMatrix {
                             0.999799,-0.019924,-0.002140, 0.000000,
                             0.019924, 0.976980, 0.212397, 0.000000,
                            -0.002141,-0.212397, 0.977181, 0.000000,
                             0.000004, 5.233006,-0.000005, 1.000000;;
                          }
                          Frame Armature_mixamorig_LeftHandPinky4 {
                            FrameTransformMatrix {
                               1.000000,-0.000000, 0.000000, 0.000000,
                               0.000000, 1.000000, 0.000000, 0.000000,
                              -0.000000,-0.000000, 1.000000, 0.000000,
                               0.000000, 5.571702, 0.000010, 1.000000;;
                            }
                          } // End of Armature_mixamorig_LeftHandPinky4
                        } // End of Armature_mixamorig_LeftHandPinky3
                      } // End of Armature_mixamorig_LeftHandPinky2
                    } // End of Armature_mixamorig_LeftHandPinky1
                    Frame Armature_mixamorig_LeftHandRing1 {
                      FrameTransformMatrix {
                         0.992744,-0.120211,-0.002995, 0.000000,
                         0.119774, 0.990732,-0.064061, 0.000000,
                         0.010668, 0.063237, 0.997942, 0.000000,
                         6.516899,22.686590, 0.103594, 1.000000;;
                      }
                      Frame Armature_mixamorig_LeftHandRing2 {
                        FrameTransformMatrix {
                           0.999143,-0.040372,-0.009137, 0.000000,
                           0.040372, 0.901742, 0.430385, 0.000000,
                          -0.009137,-0.430385, 0.902599, 0.000000,
                           0.000008, 6.408597,-0.000000, 1.000000;;
                        }
                        Frame Armature_mixamorig_LeftHandRing3 {
                          FrameTransformMatrix {
                             0.999799,-0.019924,-0.002140, 0.000000,
                             0.019924, 0.976980, 0.212397, 0.000000,
                            -0.002141,-0.212397, 0.977181, 0.000000,
                            -0.000004, 6.150296, 0.000007, 1.000000;;
                          }
                          Frame Armature_mixamorig_LeftHandRing4 {
                            FrameTransformMatrix {
                               1.000000,-0.000000, 0.000000, 0.000000,
                               0.000000, 1.000000, 0.000000, 0.000000,
                               0.000000, 0.000000, 1.000000, 0.000000,
                               0.000004, 6.145400,-0.000004, 1.000000;;
                            }
                          } // End of Armature_mixamorig_LeftHandRing4
                        } // End of Armature_mixamorig_LeftHandRing3
                      } // End of Armature_mixamorig_LeftHandRing2
                    } // End of Armature_mixamorig_LeftHandRing1
                    Frame Armature_mixamorig_LeftHandThumb1 {
                      FrameTransformMatrix {
                         0.703522, 0.667912, 0.242797, 0.000000,
                        -0.704086, 0.701472, 0.110457, 0.000000,
                        -0.096540,-0.248659, 0.963768, 0.000000,
                        -7.059602, 6.094486, 4.397201, 1.000000;;
                      }
                      Frame Armature_mixamorig_LeftHandThumb2 {
                        FrameTransformMatrix {
                           0.886627,-0.462110, 0.018645, 0.000000,
                           0.461734, 0.882165,-0.092664, 0.000000,
                           0.026373, 0.090767, 0.995523, 0.000000,
                           0.000003, 7.536495, 0.000007, 1.000000;;
                        }
                        Frame Armature_mixamorig_LeftHandThumb3 {
                          FrameTransformMatrix {
                             0.922584,-0.380778, 0.062028, 0.000000,
                             0.383023, 0.923280,-0.029106, 0.000000,
                            -0.046186, 0.050611, 0.997650, 0.000000,
                             0.000001, 7.512293, 0.000001, 1.000000;;
                          }
                          Frame Armature_mixamorig_LeftHandThumb4 {
                            FrameTransformMatrix {
                               1.000000,-0.000000, 0.000000, 0.000000,
                               0.000000, 1.000000, 0.000000, 0.000000,
                              -0.000000,-0.000000, 1.000000, 0.000000,
                              -0.000003,10.212400, 0.000000, 1.000000;;
                            }
                          } // End of Armature_mixamorig_LeftHandThumb4
                        } // End of Armature_mixamorig_LeftHandThumb3
                      } // End of Armature_mixamorig_LeftHandThumb2
                    } // End of Armature_mixamorig_LeftHandThumb1
                  } // End of Armature_mixamorig_LeftHand
                } // End of Armature_mixamorig_LeftForeArm
              } // End of Armature_mixamorig_LeftArm
            } // End of Armature_mixamorig_LeftShoulder
            Frame Armature_mixamorig_Neck {
              FrameTransformMatrix {
                 0.920601,-0.381618,-0.082838, 0.000000,
                 0.177157, 0.597182,-0.782297, 0.000000,
                 0.348008, 0.705508, 0.617373, 0.000000,
                -0.000002,39.117607,11.977009, 1.000000;;
              }
              Frame Armature_mixamorig_Head {
                FrameTransformMatrix {
                   0.953975, 0.176103, 0.242735, 0.000000,
                  -0.149244, 0.980860,-0.125060, 0.000000,
                  -0.260112, 0.083078, 0.961998, 0.000000,
                   0.000002,14.552509,15.664106, 1.000000;;
                }
                Frame Armature_mixamorig_HeadTop_End {
                  FrameTransformMatrix {
                     1.000000, 0.000000, 0.000000, 0.000000,
                    -0.000000, 1.000000, 0.000000, 0.000000,
                    -0.000000,-0.000000, 1.000000, 0.000000,
                    -0.000002,15.601724, 7.553711, 1.000000;;
                  }
                } // End of Armature_mixamorig_HeadTop_End
                Frame Armature_mixamorig_Jaw {
                  FrameTransformMatrix {
                     1.000000, 0.000000, 0.000000, 0.000000,
                     0.000000,-0.587429, 0.809276, 0.000000,
                     0.000000,-0.809276,-0.587429, 0.000000,
                    -0.000002,-2.317772, 3.620710, 1.000000;;
                  }
                } // End of Armature_mixamorig_Jaw
                Frame Armature_mixamorig_LeftEye {
                  FrameTransformMatrix {
                     1.000000, 0.000000, 0.000000, 0.000000,
                    -0.000000, 1.000000, 0.000000, 0.000000,
                    -0.000000,-0.000000, 1.000000, 0.000000,
                     3.528698, 2.462115,12.838218, 1.000000;;
                  }
                } // End of Armature_mixamorig_LeftEye
                Frame Armature_mixamorig_RightEye {
                  FrameTransformMatrix {
                     1.000000, 0.000000, 0.000000, 0.000000,
                    -0.000000, 1.000000, 0.000000, 0.000000,
                    -0.000000,-0.000000, 1.000000, 0.000000,
                    -3.528702, 2.462118,12.838212, 1.000000;;
                  }
                } // End of Armature_mixamorig_RightEye
              } // End of Armature_mixamorig_Head
            } // End of Armature_mixamorig_Neck
            Frame Armature_mixamorig_RightShoulder {
              FrameTransformMatrix {
                 0.128172,-0.037209, 0.991054, 0.000000,
                -0.974238, 0.182245, 0.132839, 0.000000,
                -0.185557,-0.982549,-0.012891, 0.000000,
                -17.399506,24.614311, 1.157904, 1.000000;;
              }
              Frame Armature_mixamorig_RightArm {
                FrameTransformMatrix {
                   0.642951,-0.399035,-0.653746, 0.000000,
                   0.665498, 0.713559, 0.218965, 0.000000,
                   0.379112,-0.575851, 0.724341, 0.000000,
                   0.000011,19.910406, 0.000012, 1.000000;;
                }
                Frame Armature_mixamorig_RightArmour1 {
                  FrameTransformMatrix {
                    -0.000000,-1.000000,-0.000001, 0.000000,
                    -0.000000, 0.000001,-1.000000, 0.000000,
                     1.000000,-0.000000,-0.000000, 0.000000,
                    -1.467297, 5.012912,-18.471130, 1.000000;;
                  }
                  Frame Armature_mixamorig_RightArmour2 {
                    FrameTransformMatrix {
                      -0.915901, 0.232054,-0.327534, 0.000000,
                      -0.183487,-0.967759,-0.172553, 0.000000,
                      -0.357018,-0.097943, 0.928950, 0.000000,
                       3.884901,-9.462706,-18.584906, 1.000000;;
                    }
                    Frame Armature_mixamorig_RightArmour3 {
                      FrameTransformMatrix {
                         1.000000, 0.000000, 0.000000, 0.000000,
                        -0.000000, 1.000000, 0.000000, 0.000000,
                        -0.000000,-0.000000, 1.000000, 0.000000,
                         0.000003,11.039513, 0.000006, 1.000000;;
                      }
                    } // End of Armature_mixamorig_RightArmour3
                  } // End of Armature_mixamorig_RightArmour2
                  Frame Armature_mixamorig_RightArmour4 {
                    FrameTransformMatrix {
                       0.708033,-0.251874, 0.659734, 0.000000,
                      -0.431906,-0.893578, 0.122374, 0.000000,
                       0.558701,-0.371588,-0.741469, 0.000000,
                      -2.648906,-11.494596,22.195305, 1.000000;;
                    }
                    Frame Armature_mixamorig_RightArmour5 {
                      FrameTransformMatrix {
                         1.000000, 0.000000, 0.000000, 0.000000,
                        -0.000000, 1.000000, 0.000000, 0.000000,
                        -0.000000,-0.000000, 1.000000, 0.000000,
                         0.000006,11.039494,-0.000002, 1.000000;;
                      }
                    } // End of Armature_mixamorig_RightArmour5
                  } // End of Armature_mixamorig_RightArmour4
                } // End of Armature_mixamorig_RightArmour1
                Frame Armature_mixamorig_RightForeArm {
                  FrameTransformMatrix {
                     0.745882,-0.666078, 0.000002, 0.000000,
                     0.666078, 0.745882,-0.000017, 0.000000,
                     0.000010, 0.000014, 1.000000, 0.000000,
                     0.000000,49.301296, 0.000027, 1.000000;;
                  }
                  Frame Armature_mixamorig_RightHand {
                    FrameTransformMatrix {
                       0.690605,-0.207089,-0.692950, 0.000000,
                       0.274775, 0.961414,-0.013476, 0.000000,
                       0.669002,-0.181099, 0.720860, 0.000000,
                      -0.000003,31.604992,-0.000003, 1.000000;;
                    }
                    Frame Armature_mixamorig_RightHandIndex1 {
                      FrameTransformMatrix {
                         0.992744, 0.120211, 0.002997, 0.000000,
                        -0.119774, 0.990733,-0.064045, 0.000000,
                        -0.010668, 0.063221, 0.997943, 0.000000,
                         6.192894,21.271002, 0.498998, 1.000000;;
                      }
                      Frame Armature_mixamorig_RightHandIndex2 {
                        FrameTransformMatrix {
                           0.999143, 0.040373, 0.009137, 0.000000,
                          -0.040373, 0.901742, 0.430385, 0.000000,
                           0.009137,-0.430385, 0.902599, 0.000000,
                           0.000000, 7.535992,-0.000008, 1.000000;;
                        }
                        Frame Armature_mixamorig_RightHandIndex3 {
                          FrameTransformMatrix {
                             0.999993,-0.001236,-0.003502, 0.000000,
                             0.002237, 0.953217, 0.302279, 0.000000,
                             0.002964,-0.302284, 0.953213, 0.000000,
                            -0.000006, 7.513008, 0.000001, 1.000000;;
                          }
                          Frame Armature_mixamorig_RightHandIndex4 {
                            FrameTransformMatrix {
                               1.000000,-0.000000, 0.000000, 0.000000,
                              -0.000000, 1.000000,-0.000000, 0.000000,
                               0.000000, 0.000000, 1.000000, 0.000000,
                               0.000001,10.212006,-0.000003, 1.000000;;
                            }
                          } // End of Armature_mixamorig_RightHandIndex4
                        } // End of Armature_mixamorig_RightHandIndex3
                      } // End of Armature_mixamorig_RightHandIndex2
                    } // End of Armature_mixamorig_RightHandIndex1
                    Frame Armature_mixamorig_RightHandMiddle1 {
                      FrameTransformMatrix {
                         0.992744, 0.120211, 0.002997, 0.000000,
                        -0.119774, 0.990733,-0.064045, 0.000000,
                        -0.010668, 0.063221, 0.997943, 0.000000,
                        -0.016504,23.333998, 0.008997, 1.000000;;
                      }
                      Frame Armature_mixamorig_RightHandMiddle2 {
                        FrameTransformMatrix {
                           0.999143, 0.040373, 0.009137, 0.000000,
                          -0.040373, 0.901742, 0.430385, 0.000000,
                           0.009137,-0.430385, 0.902599, 0.000000,
                          -0.000006, 6.996990,-0.000011, 1.000000;;
                        }
                        Frame Armature_mixamorig_RightHandMiddle3 {
                          FrameTransformMatrix {
                             0.999799, 0.019924, 0.002141, 0.000000,
                            -0.019924, 0.976980, 0.212396, 0.000000,
                             0.002140,-0.212396, 0.977181, 0.000000,
                             0.000004, 7.016009,-0.000005, 1.000000;;
                          }
                          Frame Armature_mixamorig_RightHandMiddle4 {
                            FrameTransformMatrix {
                               1.000000, 0.000000,-0.000000, 0.000000,
                               0.000000, 1.000000, 0.000000, 0.000000,
                              -0.000000, 0.000000, 1.000000, 0.000000,
                               0.000008, 7.720995, 0.000003, 1.000000;;
                            }
                          } // End of Armature_mixamorig_RightHandMiddle4
                        } // End of Armature_mixamorig_RightHandMiddle3
                      } // End of Armature_mixamorig_RightHandMiddle2
                    } // End of Armature_mixamorig_RightHandMiddle1
                    Frame Armature_mixamorig_RightHandPinky1 {
                      FrameTransformMatrix {
                         0.992744, 0.120211, 0.002997, 0.000000,
                        -0.119774, 0.990733,-0.064045, 0.000000,
                        -0.010668, 0.063221, 0.997943, 0.000000,
                        -11.443207,18.881010, 0.462005, 1.000000;;
                      }
                      Frame Armature_mixamorig_RightHandPinky2 {
                        FrameTransformMatrix {
                           0.999143, 0.040373, 0.009137, 0.000000,
                          -0.040373, 0.901742, 0.430385, 0.000000,
                           0.009137,-0.430385, 0.902599, 0.000000,
                           0.000001, 4.919998, 0.000006, 1.000000;;
                        }
                        Frame Armature_mixamorig_RightHandPinky3 {
                          FrameTransformMatrix {
                             0.999799, 0.019924, 0.002141, 0.000000,
                            -0.019924, 0.976981, 0.212396, 0.000000,
                             0.002140,-0.212396, 0.977181, 0.000000,
                             0.000000, 5.233002,-0.000002, 1.000000;;
                          }
                          Frame Armature_mixamorig_RightHandPinky4 {
                            FrameTransformMatrix {
                               1.000000,-0.000000,-0.000000, 0.000000,
                              -0.000000, 1.000000, 0.000000, 0.000000,
                              -0.000000,-0.000000, 1.000000, 0.000000,
                              -0.000000, 5.571001,-0.000009, 1.000000;;
                            }
                          } // End of Armature_mixamorig_RightHandPinky4
                        } // End of Armature_mixamorig_RightHandPinky3
                      } // End of Armature_mixamorig_RightHandPinky2
                    } // End of Armature_mixamorig_RightHandPinky1
                    Frame Armature_mixamorig_RightHandRing1 {
                      FrameTransformMatrix {
                         0.992744, 0.120211, 0.002997, 0.000000,
                        -0.119774, 0.990733,-0.064045, 0.000000,
                        -0.010668, 0.063221, 0.997943, 0.000000,
                        -6.516903,22.686008, 0.103992, 1.000000;;
                      }
                      Frame Armature_mixamorig_RightHandRing2 {
                        FrameTransformMatrix {
                           0.999143, 0.040373, 0.009137, 0.000000,
                          -0.040373, 0.901742, 0.430385, 0.000000,
                           0.009137,-0.430385, 0.902599, 0.000000,
                          -0.000007, 6.408991,-0.000009, 1.000000;;
                        }
                        Frame Armature_mixamorig_RightHandRing3 {
                          FrameTransformMatrix {
                             0.999799, 0.019924, 0.002141, 0.000000,
                            -0.019924, 0.976980, 0.212396, 0.000000,
                             0.002141,-0.212396, 0.977181, 0.000000,
                            -0.000011, 6.150001, 0.000005, 1.000000;;
                          }
                          Frame Armature_mixamorig_RightHandRing4 {
                            FrameTransformMatrix {
                               1.000000,-0.000000,-0.000000, 0.000000,
                               0.000000, 1.000000,-0.000000, 0.000000,
                              -0.000000, 0.000000, 1.000000, 0.000000,
                              -0.000002, 6.145995, 0.000000, 1.000000;;
                            }
                          } // End of Armature_mixamorig_RightHandRing4
                        } // End of Armature_mixamorig_RightHandRing3
                      } // End of Armature_mixamorig_RightHandRing2
                    } // End of Armature_mixamorig_RightHandRing1
                    Frame Armature_mixamorig_RightHandThumb1 {
                      FrameTransformMatrix {
                         0.556961,-0.748880, 0.359128, 0.000000,
                         0.422291, 0.627684, 0.653975, 0.000000,
                        -0.715168,-0.212582, 0.665841, 0.000000,
                         7.059699, 6.094008, 4.396984, 1.000000;;
                      }
                      Frame Armature_mixamorig_RightHandThumb2 {
                        FrameTransformMatrix {
                           0.897974, 0.432617,-0.080533, 0.000000,
                          -0.431720, 0.830666,-0.351585, 0.000000,
                          -0.085206, 0.350482, 0.932686, 0.000000,
                          -0.000004, 7.536308, 0.000000, 1.000000;;
                        }
                        Frame Armature_mixamorig_RightHandThumb3 {
                          FrameTransformMatrix {
                             0.966118, 0.255113,-0.039161, 0.000000,
                            -0.256994, 0.936799,-0.237404, 0.000000,
                            -0.023879, 0.239424, 0.970621, 0.000000,
                             0.000003, 7.512701,-0.000005, 1.000000;;
                          }
                          Frame Armature_mixamorig_RightHandThumb4 {
                            FrameTransformMatrix {
                               1.000000,-0.000001, 0.000002, 0.000000,
                               0.000001, 1.000000, 0.000001, 0.000000,
                              -0.000002,-0.000001, 1.000000, 0.000000,
                               0.000002,10.212724, 0.000006, 1.000000;;
                            }
                          } // End of Armature_mixamorig_RightHandThumb4
                        } // End of Armature_mixamorig_RightHandThumb3
                      } // End of Armature_mixamorig_RightHandThumb2
                    } // End of Armature_mixamorig_RightHandThumb1
                  } // End of Armature_mixamorig_RightHand
                } // End of Armature_mixamorig_RightForeArm
              } // End of Armature_mixamorig_RightArm
            } // End of Armature_mixamorig_RightShoulder
          } // End of Armature_mixamorig_Spine2
        } // End of Armature_mixamorig_Spine1
      } // End of Armature_mixamorig_Spine
    } // End of Armature_mixamorig_Hips
  } // End of Armature
} // End of Root
AnimationSet Global {
  Animation {
    {Armature}
    AnimationKey { // Rotation
      0;
      53;
      0;4;-0.707107, 0.707107, 0.000000, 0.000000;;,
      1;4;-0.707107, 0.707107, 0.000000, 0.000000;;,
      2;4;-0.707107, 0.707107, 0.000000, 0.000000;;,
      3;4;-0.707107, 0.707107, 0.000000, 0.000000;;,
      4;4;-0.707107, 0.707107, 0.000000, 0.000000;;,
      5;4;-0.707107, 0.707107, 0.000000, 0.000000;;,
      6;4;-0.707107, 0.707107, 0.000000, 0.000000;;,
      7;4;-0.707107, 0.707107, 0.000000, 0.000000;;,
      8;4;-0.707107, 0.707107, 0.000000, 0.000000;;,
      9;4;-0.707107, 0.707107, 0.000000, 0.000000;;,
      10;4;-0.707107, 0.707107, 0.000000, 0.000000;;,
      11;4;-0.707107, 0.707107, 0.000000, 0.000000;;,
      12;4;-0.707107, 0.707107, 0.000000, 0.000000;;,
      13;4;-0.707107, 0.707107, 0.000000, 0.000000;;,
      14;4;-0.707107, 0.707107, 0.000000, 0.000000;;,
      15;4;-0.707107, 0.707107, 0.000000, 0.000000;;,
      16;4;-0.707107, 0.707107, 0.000000, 0.000000;;,
      17;4;-0.707107, 0.707107, 0.000000, 0.000000;;,
      18;4;-0.707107, 0.707107, 0.000000, 0.000000;;,
      19;4;-0.707107, 0.707107, 0.000000, 0.000000;;,
      20;4;-0.707107, 0.707107, 0.000000, 0.000000;;,
      21;4;-0.707107, 0.707107, 0.000000, 0.000000;;,
      22;4;-0.707107, 0.707107, 0.000000, 0.000000;;,
      23;4;-0.707107, 0.707107, 0.000000, 0.000000;;,
      24;4;-0.707107, 0.707107, 0.000000, 0.000000;;,
      25;4;-0.707107, 0.707107, 0.000000, 0.000000;;,
      26;4;-0.707107, 0.707107, 0.000000, 0.000000;;,
      27;4;-0.707107, 0.707107, 0.000000, 0.000000;;,
      28;4;-0.707107, 0.707107, 0.000000, 0.000000;;,
      29;4;-0.707107, 0.707107, 0.000000, 0.000000;;,
      30;4;-0.707107, 0.707107, 0.000000, 0.000000;;,
      31;4;-0.707107, 0.707107, 0.000000, 0.000000;;,
      32;4;-0.707107, 0.707107, 0.000000, 0.000000;;,
      33;4;-0.707107, 0.707107, 0.000000, 0.000000;;,
      34;4;-0.707107, 0.707107, 0.000000, 0.000000;;,
      35;4;-0.707107, 0.707107, 0.000000, 0.000000;;,
      36;4;-0.707107, 0.707107, 0.000000, 0.000000;;,
      37;4;-0.707107, 0.707107, 0.000000, 0.000000;;,
      38;4;-0.707107, 0.707107, 0.000000, 0.000000;;,
      39;4;-0.707107, 0.707107, 0.000000, 0.000000;;,
      40;4;-0.707107, 0.707107, 0.000000, 0.000000;;,
      41;4;-0.707107, 0.707107, 0.000000, 0.000000;;,
      42;4;-0.707107, 0.707107, 0.000000, 0.000000;;,
      43;4;-0.707107, 0.707107, 0.000000, 0.000000;;,
      44;4;-0.707107, 0.707107, 0.000000, 0.000000;;,
      45;4;-0.707107, 0.707107, 0.000000, 0.000000;;,
      46;4;-0.707107, 0.707107, 0.000000, 0.000000;;,
      47;4;-0.707107, 0.707107, 0.000000, 0.000000;;,
      48;4;-0.707107, 0.707107, 0.000000, 0.000000;;,
      49;4;-0.707107, 0.707107, 0.000000, 0.000000;;,
      50;4;-0.707107, 0.707107, 0.000000, 0.000000;;,
      51;4;-0.707107, 0.707107, 0.000000, 0.000000;;,
      52;4;-0.707107, 0.707107, 0.000000, 0.000000;;;
    }
    AnimationKey { // Scale
      1;
      53;
      0;3; 0.100000, 0.100000, 0.100000;;,
      1;3; 0.100000, 0.100000, 0.100000;;,
      2;3; 0.100000, 0.100000, 0.100000;;,
      3;3; 0.100000, 0.100000, 0.100000;;,
      4;3; 0.100000, 0.100000, 0.100000;;,
      5;3; 0.100000, 0.100000, 0.100000;;,
      6;3; 0.100000, 0.100000, 0.100000;;,
      7;3; 0.100000, 0.100000, 0.100000;;,
      8;3; 0.100000, 0.100000, 0.100000;;,
      9;3; 0.100000, 0.100000, 0.100000;;,
      10;3; 0.100000, 0.100000, 0.100000;;,
      11;3; 0.100000, 0.100000, 0.100000;;,
      12;3; 0.100000, 0.100000, 0.100000;;,
      13;3; 0.100000, 0.100000, 0.100000;;,
      14;3; 0.100000, 0.100000, 0.100000;;,
      15;3; 0.100000, 0.100000, 0.100000;;,
      16;3; 0.100000, 0.100000, 0.100000;;,
      17;3; 0.100000, 0.100000, 0.100000;;,
      18;3; 0.100000, 0.100000, 0.100000;;,
      19;3; 0.100000, 0.100000, 0.100000;;,
      20;3; 0.100000, 0.100000, 0.100000;;,
