xof 0303txt 0032

Frame Root {
  FrameTransformMatrix {
     1.000000, 0.000000, 0.000000, 0.000000,
     0.000000,-0.000000,-1.000000, 0.000000,
     0.000000, 1.000000,-0.000000, 0.000000,
     0.000000, 0.000000, 0.000000, 1.000000;;
  }
  Frame Armature {
    FrameTransformMatrix {
       0.100000, 0.000000, 0.000000, 0.000000,
       0.000000,-0.000000, 0.100000, 0.000000,
       0.000000,-0.100000,-0.000000, 0.000000,
       0.000000, 0.000000, 0.000000, 1.000000;;
    }
    Frame Armature_mixamorig_Hips {
      FrameTransformMatrix {
         0.967307,-0.112725, 0.227179, 0.000000,
         0.032434, 0.943417, 0.330019, 0.000000,
        -0.251525,-0.311862, 0.916230, 0.000000,
         2.904931,73.699448, 3.492165, 1.000000;;
      }
      Frame Armature_mixamorig_BackCloth1 {
        FrameTransformMatrix {
           1.000000,-0.000003, 0.000000, 0.000000,
          -0.000003,-1.000000, 0.000000, 0.000000,
           0.000000, 0.000000,-1.000000, 0.000000,
           0.000001,-5.419194,-29.327002, 1.000000;;
        }
        Frame Armature_mixamorig_BackCloth2 {
          FrameTransformMatrix {
             1.000000,-0.000002, 0.000000, 0.000000,
             0.000002, 1.000000, 0.000000, 0.000000,
            -0.000000,-0.000000, 1.000000, 0.000000,
            -0.000001,15.308603, 0.000001, 1.000000;;
          }
          Frame Armature_mixamorig_BackCloth3 {
            FrameTransformMatrix {
               1.000000, 0.000000,-0.000000, 0.000000,
              -0.000000, 1.000000, 0.000000, 0.000000,
               0.000000,-0.000000, 1.000000, 0.000000,
               0.000001,17.777102, 0.000000, 1.000000;;
            }
            Frame Armature_mixamorig_BackCloth4 {
              FrameTransformMatrix {
                 1.000000, 0.000000,-0.000000, 0.000000,
                -0.000000, 1.000000, 0.000000, 0.000000,
                 0.000000,-0.000000, 1.000000, 0.000000,
                -0.000001,15.545403, 0.000003, 1.000000;;
              }
            } // End of Armature_mixamorig_BackCloth4
          } // End of Armature_mixamorig_BackCloth3
        } // End of Armature_mixamorig_BackCloth2
      } // End of Armature_mixamorig_BackCloth1
      Frame Armature_mixamorig_FrontCloth1 {
        FrameTransformMatrix {
           1.000000,-0.000002,-0.000000, 0.000000,
          -0.000002,-1.000000, 0.000000, 0.000000,
          -0.000000, 0.000000,-1.000000, 0.000000,
          -0.000000,-19.940699,22.170200, 1.000000;;
        }
        Frame Armature_mixamorig_FrontCloth2 {
          FrameTransformMatrix {
            -1.000000, 0.000000, 0.000000, 0.000000,
             0.000000, 1.000000, 0.000000, 0.000000,
            -0.000000, 0.000000,-1.000000, 0.000000,
             0.000000,10.763292,-0.000001, 1.000000;;
          }
          Frame Armature_mixamorig_FrontCloth3 {
            FrameTransformMatrix {
              -1.000000, 0.000000,-0.000000, 0.000000,
               0.000000, 1.000000, 0.000000, 0.000000,
               0.000000,-0.000000,-1.000000, 0.000000,
              -0.000000,13.749508, 0.000000, 1.000000;;
            }
            Frame Armature_mixamorig_FrontCloth4 {
              FrameTransformMatrix {
                 1.000000, 0.000000,-0.000000, 0.000000,
                 0.000000, 1.000000,-0.000000, 0.000000,
                 0.000000,-0.000000, 1.000000, 0.000000,
                 0.000000,14.182598, 0.000000, 1.000000;;
              }
            } // End of Armature_mixamorig_FrontCloth4
          } // End of Armature_mixamorig_FrontCloth3
        } // End of Armature_mixamorig_FrontCloth2
      } // End of Armature_mixamorig_FrontCloth1
      Frame Armature_mixamorig_LeftUpLeg {
        FrameTransformMatrix {
          -0.935616,-0.088898, 0.341644, 0.000000,
           0.352236,-0.170594, 0.920233, 0.000000,
          -0.023525, 0.981323, 0.190924, 0.000000,
          19.899097,-7.885092,-3.429501, 1.000000;;
        }
        Frame Armature_mixamorig_LeftLeg {
          FrameTransformMatrix {
             0.991352, 0.119757,-0.053667, 0.000000,
             0.082674,-0.887519,-0.453294, 0.000000,
            -0.101915, 0.444937,-0.889744, 0.000000,
            -0.000001,38.282917,-0.000000, 1.000000;;
          }
          Frame Armature_mixamorig_LeftFoot {
            FrameTransformMatrix {
               0.990428, 0.137780,-0.008362, 0.000000,
              -0.128664, 0.943443, 0.305551, 0.000000,
               0.049988,-0.301551, 0.952139, 0.000000,
               0.000000,32.683987,-0.000001, 1.000000;;
            }
            Frame Armature_mixamorig_LeftToeBase {
              FrameTransformMatrix {
                 1.000000,-0.000000,-0.000001, 0.000000,
                 0.000001, 0.524264, 0.851556, 0.000000,
                 0.000000,-0.851556, 0.524263, 0.000000,
                 0.000000,27.100002,-0.000004, 1.000000;;
              }
              Frame Armature_mixamorig_LeftToe_End {
                FrameTransformMatrix {
                   1.000000, 0.000000,-0.000000, 0.000000,
                  -0.000000, 1.000000,-0.000000, 0.000000,
                   0.000000,-0.000000, 1.000000, 0.000000,
                  -0.000002,16.631992, 0.000002, 1.000000;;
                }
              } // End of Armature_mixamorig_LeftToe_End
            } // End of Armature_mixamorig_LeftToeBase
          } // End of Armature_mixamorig_LeftFoot
        } // End of Armature_mixamorig_LeftLeg
      } // End of Armature_mixamorig_LeftUpLeg
      Frame Armature_mixamorig_RightUpLeg {
        FrameTransformMatrix {
          -0.986275,-0.135270,-0.094674, 0.000000,
           0.081225,-0.896725, 0.435070, 0.000000,
          -0.143749, 0.421408, 0.895403, 0.000000,
          -19.899097,-7.884995,-3.429501, 1.000000;;
        }
        Frame Armature_mixamorig_RightLeg {
          FrameTransformMatrix {
             0.994137, 0.100706, 0.039377, 0.000000,
             0.030285, 0.090267,-0.995457, 0.000000,
            -0.103803, 0.990813, 0.086688, 0.000000,
            -0.000002,38.282906, 0.000000, 1.000000;;
          }
          Frame Armature_mixamorig_RightFoot {
            FrameTransformMatrix {
               0.976662,-0.212200,-0.033211, 0.000000,
              -0.014154,-0.217875, 0.975874, 0.000000,
              -0.214316,-0.952629,-0.215794, 0.000000,
              -0.000001,32.684063,-0.000001, 1.000000;;
            }
            Frame Armature_mixamorig_RightToeBase {
              FrameTransformMatrix {
                 1.000000, 0.000002, 0.000001, 0.000000,
                -0.000001, 0.333450, 0.942768, 0.000000,
                 0.000002,-0.942768, 0.333450, 0.000000,
                -0.000001,27.100006,-0.000000, 1.000000;;
              }
              Frame Armature_mixamorig_RightToe_End {
                FrameTransformMatrix {
                   1.000000,-0.000000,-0.000000, 0.000000,
                   0.000000, 1.000000, 0.000000, 0.000000,
                   0.000000,-0.000000, 1.000000, 0.000000,
                   0.000000,16.631948,-0.000000, 1.000000;;
                }
              } // End of Armature_mixamorig_RightToe_End
            } // End of Armature_mixamorig_RightToeBase
          } // End of Armature_mixamorig_RightFoot
        } // End of Armature_mixamorig_RightLeg
      } // End of Armature_mixamorig_RightUpLeg
      Frame Armature_mixamorig_Spine {
        FrameTransformMatrix {
           0.989403, 0.063335,-0.130652, 0.000000,
          -0.044832, 0.989138, 0.139988, 0.000000,
           0.138099,-0.132648, 0.981496, 0.000000,
           0.000000,13.784803, 0.064398, 1.000000;;
        }
        Frame Armature_mixamorig_Spine1 {
          FrameTransformMatrix {
             0.998937, 0.000392,-0.046091, 0.000000,
             0.002399, 0.998167, 0.060478, 0.000000,
             0.046031,-0.060524, 0.997105, 0.000000,
            -0.000001,12.024301, 0.000003, 1.000000;;
          }
          Frame Armature_mixamorig_Spine2 {
            FrameTransformMatrix {
               0.998942, 0.003063,-0.045877, 0.000000,
              -0.000945, 0.998936, 0.046102, 0.000000,
               0.045969,-0.046010, 0.997883, 0.000000,
              -0.000000,17.815796,-0.000007, 1.000000;;
            }
            Frame Armature_mixamorig_LeftShoulder {
              FrameTransformMatrix {
                 0.314700, 0.011215,-0.949125, 0.000000,
                 0.946956, 0.064870, 0.314748, 0.000000,
                 0.065100,-0.997831, 0.009794, 0.000000,
                17.399498,24.614197, 1.157903, 1.000000;;
              }
              Frame Armature_mixamorig_LeftArm {
                FrameTransformMatrix {
                   0.728205, 0.473174,-0.495807, 0.000000,
                   0.432819, 0.243414, 0.867996, 0.000000,
                   0.531399,-0.846674,-0.027544, 0.000000,
                   0.000000,19.910404, 0.000002, 1.000000;;
                }
                Frame Armature_mixamorig_LeftForeArm {
                  FrameTransformMatrix {
                     0.795021, 0.606581,-0.000000, 0.000000,
                    -0.606581, 0.795021,-0.000001, 0.000000,
                    -0.000000, 0.000000, 1.000000, 0.000000,
                     0.000004,49.301296, 0.000002, 1.000000;;
                  }
                  Frame Armature_mixamorig_LeftHand {
                    FrameTransformMatrix {
                       0.852253, 0.015429, 0.522902, 0.000000,
                      -0.014752, 0.999876,-0.005459, 0.000000,
                      -0.522922,-0.003062, 0.852375, 0.000000,
                      -0.000008,31.604721,-0.000006, 1.000000;;
                    }
                    Frame Armature_mixamorig_LeftHandIndex1 {
                      FrameTransformMatrix {
                         0.993792,-0.102072,-0.044263, 0.000000,
                         0.054577, 0.100579, 0.993431, 0.000000,
                        -0.096950,-0.989679, 0.105525, 0.000000,
                        -6.192904,21.271097, 0.498707, 1.000000;;
                      }
                      Frame Armature_mixamorig_LeftHandIndex2 {
                        FrameTransformMatrix {
                           0.994930,-0.087333,-0.049866, 0.000000,
                           0.087333, 0.504434, 0.859022, 0.000000,
                          -0.049867,-0.859022, 0.509504, 0.000000,
                           0.000006, 7.536497, 0.000001, 1.000000;;
                        }
                        Frame Armature_mixamorig_LeftHandIndex3 {
                          FrameTransformMatrix {
                             0.996495,-0.076219,-0.034478, 0.000000,
                             0.076219, 0.657361, 0.749711, 0.000000,
                            -0.034478,-0.749711, 0.660867, 0.000000,
                             0.000000, 7.512296,-0.000001, 1.000000;;
                          }
                          Frame Armature_mixamorig_LeftHandIndex4 {
                            FrameTransformMatrix {
                               1.000000,-0.000000, 0.000000, 0.000000,
                              -0.000000, 1.000000, 0.000000, 0.000000,
                              -0.000000,-0.000000, 1.000000, 0.000000,
                              -0.000000,10.212402, 0.000004, 1.000000;;
                            }
                          } // End of Armature_mixamorig_LeftHandIndex4
                        } // End of Armature_mixamorig_LeftHandIndex3
                      } // End of Armature_mixamorig_LeftHandIndex2
                    } // End of Armature_mixamorig_LeftHandIndex1
                    Frame Armature_mixamorig_LeftHandMiddle1 {
                      FrameTransformMatrix {
                         0.988940,-0.138912,-0.051983, 0.000000,
                         0.063367, 0.078819, 0.994873, 0.000000,
                        -0.134102,-0.987163, 0.086750, 0.000000,
                         0.016495,23.334385, 0.008604, 1.000000;;
                      }
                      Frame Armature_mixamorig_LeftHandMiddle2 {
                        FrameTransformMatrix {
                           0.994901,-0.087503,-0.050158, 0.000000,
                           0.087503, 0.501532, 0.860702, 0.000000,
                          -0.050159,-0.860702, 0.506631, 0.000000,
                          -0.000003, 6.996596,-0.000006, 1.000000;;
                        }
                        Frame Armature_mixamorig_LeftHandMiddle3 {
                          FrameTransformMatrix {
                             0.996500,-0.076172,-0.034424, 0.000000,
                             0.076172, 0.657900, 0.749243, 0.000000,
                            -0.034424,-0.749243, 0.661400, 0.000000,
                             0.000002, 7.016004, 0.000006, 1.000000;;
                          }
                          Frame Armature_mixamorig_LeftHandMiddle4 {
                            FrameTransformMatrix {
                               1.000000,-0.000000,-0.000000, 0.000000,
                               0.000000, 1.000000,-0.000000, 0.000000,
                              -0.000000, 0.000000, 1.000000, 0.000000,
                               0.000000, 7.721595, 0.000001, 1.000000;;
                            }
                          } // End of Armature_mixamorig_LeftHandMiddle4
                        } // End of Armature_mixamorig_LeftHandMiddle3
                      } // End of Armature_mixamorig_LeftHandMiddle2
                    } // End of Armature_mixamorig_LeftHandMiddle1
                    Frame Armature_mixamorig_LeftHandPinky1 {
                      FrameTransformMatrix {
                         0.929581,-0.305507,-0.206267, 0.000000,
                         0.134368,-0.240234, 0.961370, 0.000000,
                        -0.343257,-0.921387,-0.182267, 0.000000,
                        11.443203,18.881195, 0.461808, 1.000000;;
                      }
                      Frame Armature_mixamorig_LeftHandPinky2 {
                        FrameTransformMatrix {
                           0.994709,-0.088578,-0.052049, 0.000000,
                           0.088578, 0.482748, 0.871268, 0.000000,
                          -0.052049,-0.871268, 0.488039, 0.000000,
                           0.000003, 4.919597,-0.000004, 1.000000;;
                        }
                        Frame Armature_mixamorig_LeftHandPinky3 {
                          FrameTransformMatrix {
                             0.996489,-0.076271,-0.034536, 0.000000,
                             0.076270, 0.656783, 0.750213, 0.000000,
                            -0.034536,-0.750213, 0.660294, 0.000000,
                             0.000004, 5.233000, 0.000004, 1.000000;;
                          }
                          Frame Armature_mixamorig_LeftHandPinky4 {
                            FrameTransformMatrix {
                               1.000000,-0.000000, 0.000000, 0.000000,
                               0.000000, 1.000000, 0.000000, 0.000000,
                              -0.000000,-0.000000, 1.000000, 0.000000,
                              -0.000006, 5.571696, 0.000003, 1.000000;;
                            }
                          } // End of Armature_mixamorig_LeftHandPinky4
                        } // End of Armature_mixamorig_LeftHandPinky3
                      } // End of Armature_mixamorig_LeftHandPinky2
                    } // End of Armature_mixamorig_LeftHandPinky1
                    Frame Armature_mixamorig_LeftHandRing1 {
                      FrameTransformMatrix {
                         0.988562,-0.139211,-0.058007, 0.000000,
                         0.070094, 0.083553, 0.994035, 0.000000,
                        -0.133534,-0.986732, 0.092355, 0.000000,
                         6.516899,22.686602, 0.103600, 1.000000;;
                      }
                      Frame Armature_mixamorig_LeftHandRing2 {
                        FrameTransformMatrix {
                           0.994734,-0.088441,-0.051802, 0.000000,
                           0.088441, 0.485198, 0.869921, 0.000000,
                          -0.051802,-0.869920, 0.490464, 0.000000,
                           0.000002, 6.408603,-0.000004, 1.000000;;
                        }
                        Frame Armature_mixamorig_LeftHandRing3 {
                          FrameTransformMatrix {
                             0.996638,-0.074958,-0.033066, 0.000000,
                             0.074957, 0.671395, 0.737299, 0.000000,
                            -0.033066,-0.737299, 0.674757, 0.000000,
                             0.000002, 6.150300, 0.000004, 1.000000;;
                          }
                          Frame Armature_mixamorig_LeftHandRing4 {
                            FrameTransformMatrix {
                               1.000000, 0.000000,-0.000000, 0.000000,
                              -0.000000, 1.000000,-0.000000, 0.000000,
                               0.000000, 0.000000, 1.000000, 0.000000,
                              -0.000004, 6.145391,-0.000005, 1.000000;;
                            }
                          } // End of Armature_mixamorig_LeftHandRing4
                        } // End of Armature_mixamorig_LeftHandRing3
                      } // End of Armature_mixamorig_LeftHandRing2
                    } // End of Armature_mixamorig_LeftHandRing1
                    Frame Armature_mixamorig_LeftHandThumb1 {
                      FrameTransformMatrix {
                         0.874551, 0.480599,-0.064696, 0.000000,
                        -0.429905, 0.830106, 0.355113, 0.000000,
                         0.224371,-0.282751, 0.932582, 0.000000,
                        -7.059605, 6.094497, 4.397208, 1.000000;;
                      }
                      Frame Armature_mixamorig_LeftHandThumb2 {
                        FrameTransformMatrix {
                           0.897007,-0.439020,-0.051369, 0.000000,
                           0.440254, 0.897744, 0.015245, 0.000000,
                           0.039423,-0.036290, 0.998563, 0.000000,
                           0.000001, 7.536495, 0.000003, 1.000000;;
                        }
                        Frame Armature_mixamorig_LeftHandThumb3 {
                          FrameTransformMatrix {
                             0.959820,-0.231347, 0.158819, 0.000000,
                             0.260756, 0.944429,-0.200151, 0.000000,
                            -0.103689, 0.233522, 0.966807, 0.000000,
                             0.000006, 7.512290, 0.000001, 1.000000;;
                          }
                          Frame Armature_mixamorig_LeftHandThumb4 {
                            FrameTransformMatrix {
                               1.000000,-0.000000, 0.000000, 0.000000,
                               0.000000, 1.000000, 0.000000, 0.000000,
                              -0.000000,-0.000000, 1.000000, 0.000000,
                               0.000006,10.212397,-0.000000, 1.000000;;
                            }
                          } // End of Armature_mixamorig_LeftHandThumb4
                        } // End of Armature_mixamorig_LeftHandThumb3
                      } // End of Armature_mixamorig_LeftHandThumb2
                    } // End of Armature_mixamorig_LeftHandThumb1
                  } // End of Armature_mixamorig_LeftHand
                } // End of Armature_mixamorig_LeftForeArm
              } // End of Armature_mixamorig_LeftArm
            } // End of Armature_mixamorig_LeftShoulder
            Frame Armature_mixamorig_Neck {
              FrameTransformMatrix {
                 0.999967, 0.005705,-0.005740, 0.000000,
                 0.005085, 0.108783, 0.994052, 0.000000,
                 0.006296,-0.994049, 0.108751, 0.000000,
                -0.000001,39.117603,11.977001, 1.000000;;
              }
              Frame Armature_mixamorig_Head {
                FrameTransformMatrix {
                   0.998739,-0.041980, 0.027519, 0.000000,
                   0.048162, 0.955892,-0.289741, 0.000000,
                  -0.014141, 0.290701, 0.956709, 0.000000,
                  -0.000000,15.664106,-14.552488, 1.000000;;
                }
                Frame Armature_mixamorig_HeadTop_End {
                  FrameTransformMatrix {
                     1.000000, 0.000000, 0.000000, 0.000000,
                    -0.000000, 1.000000, 0.000000, 0.000000,
                    -0.000000, 0.000000, 1.000000, 0.000000,
                     0.000000, 7.553703,-15.601703, 1.000000;;
                  }
                } // End of Armature_mixamorig_HeadTop_End
                Frame Armature_mixamorig_Jaw {
                  FrameTransformMatrix {
                     1.000000, 0.000000, 0.000000, 0.000000,
                     0.000000,-0.587430, 0.809275, 0.000000,
                     0.000000,-0.809275,-0.587430, 0.000000,
                     0.000000, 3.620705, 2.317792, 1.000000;;
                  }
                } // End of Armature_mixamorig_Jaw
                Frame Armature_mixamorig_LeftEye {
                  FrameTransformMatrix {
                     1.000000, 0.000000, 0.000000, 0.000000,
                    -0.000000, 1.000000, 0.000000, 0.000000,
                    -0.000000, 0.000000, 1.000000, 0.000000,
                     3.528701,12.838205,-2.462098, 1.000000;;
                  }
                } // End of Armature_mixamorig_LeftEye
                Frame Armature_mixamorig_RightEye {
                  FrameTransformMatrix {
                     1.000000, 0.000000, 0.000000, 0.000000,
                    -0.000000, 1.000000, 0.000000, 0.000000,
                    -0.000000, 0.000000, 1.000000, 0.000000,
                    -3.528700,12.838201,-2.462106, 1.000000;;
                  }
                } // End of Armature_mixamorig_RightEye
              } // End of Armature_mixamorig_Head
            } // End of Armature_mixamorig_Neck
            Frame Armature_mixamorig_RightShoulder {
              FrameTransformMatrix {
                 0.478932,-0.036325, 0.877100, 0.000000,
                -0.860687, 0.177184, 0.477308, 0.000000,
                -0.172746,-0.983507, 0.053595, 0.000000,
                -17.399502,24.614317, 1.157901, 1.000000;;
              }
              Frame Armature_mixamorig_RightArm {
                FrameTransformMatrix {
                   0.835928, 0.083618,-0.542431, 0.000000,
                   0.517936, 0.206770, 0.830053, 0.000000,
                   0.181566,-0.974810, 0.129536, 0.000000,
                   0.000010,19.910404, 0.000010, 1.000000;;
                }
                Frame Armature_mixamorig_RightArmour1 {
                  FrameTransformMatrix {
                     0.000000,-1.000000,-0.000001, 0.000000,
                     1.000000, 0.000000,-0.000000, 0.000000,
                     0.000000,-0.000001, 1.000000, 0.000000,
                    -1.467300, 5.012932,-18.471138, 1.000000;;
                  }
                  Frame Armature_mixamorig_RightArmour2 {
                    FrameTransformMatrix {
                      -0.915899,-0.327535,-0.232054, 0.000000,
                      -0.183487,-0.172553, 0.967759, 0.000000,
                      -0.357017, 0.928949, 0.097943, 0.000000,
                       3.884892,-18.584896, 9.462710, 1.000000;;
                    }
                    Frame Armature_mixamorig_RightArmour3 {
                      FrameTransformMatrix {
                         1.000000, 0.000000, 0.000000, 0.000000,
                        -0.000000, 1.000000, 0.000000, 0.000000,
                        -0.000000,-0.000000, 1.000000, 0.000000,
                         0.000005,11.039500, 0.000002, 1.000000;;
                      }
                    } // End of Armature_mixamorig_RightArmour3
                  } // End of Armature_mixamorig_RightArmour2
                  Frame Armature_mixamorig_RightArmour4 {
                    FrameTransformMatrix {
                       0.708033, 0.659734, 0.251874, 0.000000,
                      -0.431906, 0.122374, 0.893578, 0.000000,
                       0.558700,-0.741469, 0.371588, 0.000000,
                      -2.648907,22.195303,11.494601, 1.000000;;
                    }
                    Frame Armature_mixamorig_RightArmour5 {
                      FrameTransformMatrix {
                         1.000000,-0.000000,-0.000000, 0.000000,
                         0.000000, 1.000000,-0.000000, 0.000000,
                         0.000000, 0.000000, 1.000000, 0.000000,
                        -0.000003,11.039502,-0.000001, 1.000000;;
                      }
                    } // End of Armature_mixamorig_RightArmour5
                  } // End of Armature_mixamorig_RightArmour4
                } // End of Armature_mixamorig_RightArmour1
                Frame Armature_mixamorig_RightForeArm {
                  FrameTransformMatrix {
                     0.310114,-0.950700,-0.000001, 0.000000,
                     0.950699, 0.310114, 0.000000, 0.000000,
                     0.000000,-0.000001, 1.000000, 0.000000,
                     0.000000,49.301311, 0.000015, 1.000000;;
                  }
                  Frame Armature_mixamorig_RightHand {
                    FrameTransformMatrix {
                       0.860984,-0.355890,-0.363386, 0.000000,
                       0.296831, 0.931730,-0.209216, 0.000000,
                       0.413035, 0.072267, 0.907843, 0.000000,
                       0.000003,31.604992, 0.000000, 1.000000;;
                    }
                    Frame Armature_mixamorig_RightHandIndex1 {
                      FrameTransformMatrix {
                         0.995781, 0.081420, 0.042321, 0.000000,
                        -0.051458, 0.113620, 0.992191, 0.000000,
                         0.075976,-0.990182, 0.117330, 0.000000,
                         6.192896,21.270990, 0.499005, 1.000000;;
                      }
                      Frame Armature_mixamorig_RightHandIndex2 {
                        FrameTransformMatrix {
                           0.996797, 0.069417, 0.039712, 0.000000,
                          -0.069417, 0.504435, 0.860655, 0.000000,
                           0.039712,-0.860655, 0.507638, 0.000000,
                          -0.000004, 7.535993,-0.000010, 1.000000;;
                        }
                        Frame Armature_mixamorig_RightHandIndex3 {
                          FrameTransformMatrix {
                             0.997785, 0.060584, 0.027457, 0.000000,
                            -0.060584, 0.657362, 0.751136, 0.000000,
                             0.027458,-0.751136, 0.659576, 0.000000,
                            -0.000002, 7.512997,-0.000007, 1.000000;;
                          }
                          Frame Armature_mixamorig_RightHandIndex4 {
                            FrameTransformMatrix {
                               1.000000, 0.000000,-0.000000, 0.000000,
                               0.000000, 1.000000,-0.000000, 0.000000,
                              -0.000000, 0.000000, 1.000000, 0.000000,
                               0.000006,10.212011, 0.000000, 1.000000;;
                            }
                          } // End of Armature_mixamorig_RightHandIndex4
                        } // End of Armature_mixamorig_RightHandIndex3
                      } // End of Armature_mixamorig_RightHandIndex2
                    } // End of Armature_mixamorig_RightHandIndex1
                    Frame Armature_mixamorig_RightHandMiddle1 {
                      FrameTransformMatrix {
                         0.992691, 0.116411, 0.031818, 0.000000,
                        -0.042666, 0.091913, 0.994853, 0.000000,
                         0.112887,-0.988939, 0.096208, 0.000000,
                        -0.016509,23.333988, 0.008998, 1.000000;;
                      }
                      Frame Armature_mixamorig_RightHandMiddle2 {
                        FrameTransformMatrix {
                           0.996778, 0.069553, 0.039945, 0.000000,
                          -0.069553, 0.501533, 0.862338, 0.000000,
                           0.039945,-0.862338, 0.504754, 0.000000,
                          -0.000004, 6.996995,-0.000002, 1.000000;;
                        }
                        Frame Armature_mixamorig_RightHandMiddle3 {
                          FrameTransformMatrix {
                             0.997789, 0.060546, 0.027415, 0.000000,
                            -0.060546, 0.657899, 0.750668, 0.000000,
                             0.027414,-0.750668, 0.660111, 0.000000,
                             0.000007, 7.015993,-0.000006, 1.000000;;
                          }
                          Frame Armature_mixamorig_RightHandMiddle4 {
                            FrameTransformMatrix {
                               1.000000,-0.000000, 0.000000, 0.000000,
                              -0.000000, 1.000000, 0.000000, 0.000000,
                              -0.000000,-0.000000, 1.000000, 0.000000,
                               0.000012, 7.720994, 0.000004, 1.000000;;
                            }
                          } // End of Armature_mixamorig_RightHandMiddle4
                        } // End of Armature_mixamorig_RightHandMiddle3
                      } // End of Armature_mixamorig_RightHandMiddle2
                    } // End of Armature_mixamorig_RightHandMiddle1
                    Frame Armature_mixamorig_RightHandPinky1 {
                      FrameTransformMatrix {
                         0.939860, 0.282620, 0.191806, 0.000000,
                        -0.172513,-0.091883, 0.980712, 0.000000,
                         0.294793,-0.954821,-0.037602, 0.000000,
                        -11.443211,18.880993, 0.462007, 1.000000;;
                      }
                      Frame Armature_mixamorig_RightHandPinky2 {
                        FrameTransformMatrix {
                           0.996657, 0.070407, 0.041450, 0.000000,
                          -0.070407, 0.482748, 0.872925, 0.000000,
                           0.041450,-0.872925, 0.486091, 0.000000,
                          -0.000004, 4.919997,-0.000001, 1.000000;;
                        }
                        Frame Armature_mixamorig_RightHandPinky3 {
                          FrameTransformMatrix {
                             0.997782, 0.060625, 0.027504, 0.000000,
                            -0.060624, 0.656783, 0.751639, 0.000000,
                             0.027504,-0.751639, 0.659001, 0.000000,
                            -0.000002, 5.233003,-0.000002, 1.000000;;
                          }
                          Frame Armature_mixamorig_RightHandPinky4 {
                            FrameTransformMatrix {
                               1.000000, 0.000000,-0.000000, 0.000000,
                               0.000000, 1.000000, 0.000000, 0.000000,
                              -0.000000, 0.000000, 1.000000, 0.000000,
                               0.000003, 5.570994, 0.000001, 1.000000;;
                            }
                          } // End of Armature_mixamorig_RightHandPinky4
                        } // End of Armature_mixamorig_RightHandPinky3
                      } // End of Armature_mixamorig_RightHandPinky2
                    } // End of Armature_mixamorig_RightHandPinky1
                    Frame Armature_mixamorig_RightHandRing1 {
                      FrameTransformMatrix {
                         0.986423, 0.120874, 0.111169, 0.000000,
                        -0.113135, 0.009501, 0.993534, 0.000000,
                         0.119036,-0.992622, 0.023047, 0.000000,
                        -6.516910,22.686003, 0.103995, 1.000000;;
                      }
                      Frame Armature_mixamorig_RightHandRing2 {
                        FrameTransformMatrix {
                           0.996672, 0.070302, 0.041260, 0.000000,
                          -0.070302, 0.485122, 0.871616, 0.000000,
                           0.041260,-0.871616, 0.488450, 0.000000,
                          -0.000004, 6.408997, 0.000015, 1.000000;;
                        }
                        Frame Armature_mixamorig_RightHandRing3 {
                          FrameTransformMatrix {
                             0.997876, 0.059581, 0.026333, 0.000000,
                            -0.059581, 0.671398, 0.738698, 0.000000,
                             0.026332,-0.738698, 0.673522, 0.000000,
                            -0.000003, 6.149993,-0.000001, 1.000000;;
                          }
                          Frame Armature_mixamorig_RightHandRing4 {
                            FrameTransformMatrix {
                               1.000000, 0.000000,-0.000000, 0.000000,
                              -0.000000, 1.000000,-0.000000, 0.000000,
                              -0.000000,-0.000000, 1.000000, 0.000000,
                               0.000006, 6.145990,-0.000003, 1.000000;;
                            }
                          } // End of Armature_mixamorig_RightHandRing4
                        } // End of Armature_mixamorig_RightHandRing3
                      } // End of Armature_mixamorig_RightHandRing2
                    } // End of Armature_mixamorig_RightHandRing1
                    Frame Armature_mixamorig_RightHandThumb1 {
                      FrameTransformMatrix {
                         0.823227,-0.564815, 0.057283, 0.000000,
                         0.518506, 0.789126, 0.329290, 0.000000,
                        -0.231191,-0.241379, 0.942490, 0.000000,
                         7.059694, 6.093994, 4.396995, 1.000000;;
                      }
                      Frame Armature_mixamorig_RightHandThumb2 {
                        FrameTransformMatrix {
                           0.881121, 0.470608, 0.046413, 0.000000,
                          -0.471369, 0.881913, 0.006401, 0.000000,
                          -0.037920,-0.027517, 0.998902, 0.000000,
                           0.000007, 7.536299, 0.000005, 1.000000;;
                        }
                        Frame Armature_mixamorig_RightHandThumb3 {
                          FrameTransformMatrix {
                             0.970863, 0.196438,-0.137246, 0.000000,
                            -0.221496, 0.954199,-0.201106, 0.000000,
                             0.091455, 0.225645, 0.969907, 0.000000,
                            -0.000002, 7.512702, 0.000000, 1.000000;;
                          }
                          Frame Armature_mixamorig_RightHandThumb4 {
                            FrameTransformMatrix {
                               1.000000,-0.000001, 0.000002, 0.000000,
                               0.000001, 1.000000, 0.000001, 0.000000,
                              -0.000002,-0.000001, 1.000000, 0.000000,
                               0.000004,10.212725, 0.000001, 1.000000;;
                            }
                          } // End of Armature_mixamorig_RightHandThumb4
                        } // End of Armature_mixamorig_RightHandThumb3
                      } // End of Armature_mixamorig_RightHandThumb2
                    } // End of Armature_mixamorig_RightHandThumb1
                  } // End of Armature_mixamorig_RightHand
                } // End of Armature_mixamorig_RightForeArm
              } // End of Armature_mixamorig_RightArm
            } // End of Armature_mixamorig_RightShoulder
          } // End of Armature_mixamorig_Spine2
        } // End of Armature_mixamorig_Spine1
      } // End of Armature_mixamorig_Spine
    } // End of Armature_mixamorig_Hips
  } // End of Armature
} // End of Root
AnimationSet Global {
  Animation {
    {Armature}
    AnimationKey { // Rotation
      0;
      32;
      0;4;-0.707107, 0.707107, 0.000000, 0.000000;;,
      1;4;-0.707107, 0.707107, 0.000000, 0.000000;;,
      2;4;-0.707107, 0.707107, 0.000000, 0.000000;;,
      3;4;-0.707107, 0.707107, 0.000000, 0.000000;;,
      4;4;-0.707107, 0.707107, 0.000000, 0.000000;;,
      5;4;-0.707107, 0.707107, 0.000000, 0.000000;;,
      6;4;-0.707107, 0.707107, 0.000000, 0.000000;;,
      7;4;-0.707107, 0.707107, 0.000000, 0.000000;;,
      8;4;-0.707107, 0.707107, 0.000000, 0.000000;;,
      9;4;-0.707107, 0.707107, 0.000000, 0.000000;;,
      10;4;-0.707107, 0.707107, 0.000000, 0.000000;;,
      11;4;-0.707107, 0.707107, 0.000000, 0.000000;;,
      12;4;-0.707107, 0.707107, 0.000000, 0.000000;;,
      13;4;-0.707107, 0.707107, 0.000000, 0.000000;;,
      14;4;-0.707107, 0.707107, 0.000000, 0.000000;;,
      15;4;-0.707107, 0.707107, 0.000000, 0.000000;;,
      16;4;-0.707107, 0.707107, 0.000000, 0.000000;;,
      17;4;-0.707107, 0.707107, 0.000000, 0.000000;;,
      18;4;-0.707107, 0.707107, 0.000000, 0.000000;;,
      19;4;-0.707107, 0.707107, 0.000000, 0.000000;;,
      20;4;-0.707107, 0.707107, 0.000000, 0.000000;;,
      21;4;-0.707107, 0.707107, 0.000000, 0.000000;;,
      22;4;-0.707107, 0.707107, 0.000000, 0.000000;;,
      23;4;-0.707107, 0.707107, 0.000000, 0.000000;;,
      24;4;-0.707107, 0.707107, 0.000000, 0.000000;;,
      25;4;-0.707107, 0.707107, 0.000000, 0.000000;;,
      26;4;-0.707107, 0.707107, 0.000000, 0.000000;;,
      27;4;-0.707107, 0.707107, 0.000000, 0.000000;;,
      28;4;-0.707107, 0.707107, 0.000000, 0.000000;;,
      29;4;-0.707107, 0.707107, 0.000000, 0.000000;;,
      30;4;-0.707107, 0.707107, 0.000000, 0.000000;;,
      31;4;-0.707107, 0.707107, 0.000000, 0.000000;;;
    }
    AnimationKey { // Scale
      1;
      32;
      0;3; 0.100000, 0.100000, 0.100000;;,
      1;3; 0.100000, 0.100000, 0.100000;;,
      2;3; 0.100000, 0.100000, 0.100000;;,
      3;3; 0.100000, 0.100000, 0.100000;;,
      4;3; 0.100000, 0.100000, 0.100000;;,
      5;3; 0.100000, 0.100000, 0.100000;;,
      6;3; 0.100000, 0.100000, 0.100000;;,
      7;3; 0.100000, 0.100000, 0.100000;;,
      8;3; 0.100000, 0.100000, 0.100000;;,
      9;3; 0.100000, 0.100000, 0.100000;;,
      10;3; 0.100000, 0.100000, 0.100000;;,
      11;3; 0.100000, 0.100000, 0.100000;;,
      12;3; 0.100000, 0.100000, 0.100000;;,
      13;3; 0.100000, 0.100000, 0.100000;;,
      14;3; 0.100000, 0.100000, 0.100000;;,
      15;3; 0.100000, 0.100000, 0.100000;;,
      16;3; 0.100000, 0.100000, 0.100000;;,
      17;3; 0.100000, 0.100000, 0.100000;;,
      18;3; 0.100000, 0.100000, 0.100000;;,
      19;3; 0.100000, 0.100000, 0.100000;;,
      20;3; 0.100000, 0.100000, 0.100000;;,
      21;3; 0.100000, 0.100000, 0.100000;;,
      22;3; 0.100000, 0.100000, 0.100000;;,
      23;3; 0.100000, 0.100000, 0.100000;;,
      24;3; 0.100000, 0.100000, 0.100000;;,
      25;3; 0.100000, 0.100000, 0.100000;;,
      26;3; 0.100000, 0.100000, 0.100000;;,
      27;3; 0.100000, 0.100000, 0.100000;;,
      28;3; 0.100000, 0.100000, 0.100000;;,
      29;3; 0.100000, 0.100000, 0.100000;;,
      30;3; 0.100000, 0.100000, 0.100000;;,
      31;3; 0.100000, 0.100000, 0.100000;;;
    }
    AnimationKey { // Position
      2;
      32;
      0;3; 0.000000, 0.000000, 0.000000;;,
      1;3; 0.000000, 0.000000, 0.000000;;,
      2;3; 0.000000, 0.000000, 0.000000;;,
      3;3; 0.000000, 0.000000, 0.000000;;,
      4;3; 0.000000, 0.000000, 0.000000;;,
      5;3; 0.000000, 0.000000, 0.000000;;,
      6;3; 0.000000, 0.000000, 0.000000;;,
      7;3; 0.000000, 0.000000, 0.000000;;,
      8;3; 0.000000, 0.000000, 0.000000;;,
      9;3; 0.000000, 0.000000, 0.000000;;,
      10;3; 0.000000, 0.000000, 0.000000;;,
      11;3; 0.000000, 0.000000, 0.000000;;,
      12;3; 0.000000, 0.000000, 0.000000;;,
      13;3; 0.000000, 0.000000, 0.000000;;,
      14;3; 0.000000, 0.000000, 0.000000;;,
      15;3; 0.000000, 0.000000, 0.000000;;,
      16;3; 0.000000, 0.000000, 0.000000;;,
      17;3; 0.000000, 0.000000, 0.000000;;,
      18;3; 0.000000, 0.000000, 0.000000;;,
      19;3; 0.000000, 0.000000, 0.000000;;,
      20;3; 0.000000, 0.000000, 0.000000;;,
      21;3; 0.000000, 0.000000, 0.000000;;,
