xof 0303txt 0032

Frame Root {
  FrameTransformMatrix {
     1.000000, 0.000000, 0.000000, 0.000000,
     0.000000,-0.000000,-1.000000, 0.000000,
     0.000000, 1.000000,-0.000000, 0.000000,
     0.000000, 0.000000, 0.000000, 1.000000;;
  }
  Frame Armature {
    FrameTransformMatrix {
       0.100000, 0.000000, 0.000000, 0.000000,
       0.000000,-0.000000, 0.100000, 0.000000,
       0.000000,-0.100000,-0.000000, 0.000000,
       0.000000, 0.000000, 0.000000, 1.000000;;
    }
    Frame Armature_mixamorig_Hips {
      FrameTransformMatrix {
         0.986848,-0.153150,-0.051722, 0.000000,
        -0.048553, 0.024365,-0.998523, 0.000000,
         0.154184, 0.987903, 0.016608, 0.000000,
        -4.665757,16.763779,-86.484886, 1.000000;;
      }
      Frame Armature_mixamorig_LeftUpLeg {
        FrameTransformMatrix {
          -0.833303,-0.309699, 0.457969, 0.000000,
           0.471611,-0.830437, 0.296598, 0.000000,
           0.288426, 0.463100, 0.838162, 0.000000,
          13.656001,-7.135295, 0.129700, 1.000000;;
        }
        Frame Armature_mixamorig_LeftLeg {
          FrameTransformMatrix {
             0.994043,-0.042713,-0.100272, 0.000000,
            -0.024120, 0.810983,-0.584572, 0.000000,
             0.106288, 0.583508, 0.805122, 0.000000,
             0.000000,35.949699, 0.000003, 1.000000;;
          }
          Frame Armature_mixamorig_LeftFoot {
            FrameTransformMatrix {
               0.924484,-0.370040, 0.091657, 0.000000,
               0.170134, 0.615640, 0.769442, 0.000000,
              -0.341152,-0.695743, 0.632105, 0.000000,
              -0.000001,34.409222,-0.000003, 1.000000;;
            }
            Frame Armature_mixamorig_LeftToeBase {
              FrameTransformMatrix {
                 0.974324,-0.170428,-0.147131, 0.000000,
                 0.223533, 0.654003, 0.722712, 0.000000,
                -0.026946,-0.737044, 0.675307, 0.000000,
                -0.000002,21.286982, 0.000001, 1.000000;;
              }
              Frame Armature_mixamorig_LeftToe_End {
                FrameTransformMatrix {
                   1.000000, 0.000000, 0.000000, 0.000000,
                   0.000000, 1.000000,-0.000000, 0.000000,
                   0.000000, 0.000000, 1.000000, 0.000000,
                   0.000004,16.881926,-0.000000, 1.000000;;
                }
              } // End of Armature_mixamorig_LeftToe_End
            } // End of Armature_mixamorig_LeftToeBase
          } // End of Armature_mixamorig_LeftFoot
        } // End of Armature_mixamorig_LeftLeg
      } // End of Armature_mixamorig_LeftUpLeg
      Frame Armature_mixamorig_RightUpLeg {
        FrameTransformMatrix {
          -0.802126, 0.352837,-0.481816, 0.000000,
          -0.494320,-0.844957, 0.204208, 0.000000,
          -0.335024, 0.401939, 0.852276, 0.000000,
          -13.656002,-7.135195, 0.129700, 1.000000;;
        }
        Frame Armature_mixamorig_RightLeg {
          FrameTransformMatrix {
             0.999391,-0.020092, 0.028517, 0.000000,
             0.033737, 0.764634,-0.643581, 0.000000,
            -0.008874, 0.644151, 0.764847, 0.000000,
             0.000003,35.949699, 0.000007, 1.000000;;
          }
          Frame Armature_mixamorig_RightFoot {
            FrameTransformMatrix {
               0.931343, 0.344848,-0.116960, 0.000000,
              -0.174155, 0.703901, 0.688617, 0.000000,
               0.319797,-0.620969, 0.715631, 0.000000,
              -0.000001,34.409229, 0.000000, 1.000000;;
            }
            Frame Armature_mixamorig_RightToeBase {
              FrameTransformMatrix {
                 0.962636, 0.270078,-0.019714, 0.000000,
                -0.168089, 0.653020, 0.738452, 0.000000,
                 0.212314,-0.707547, 0.674018, 0.000000,
                 0.000001,21.286985, 0.000003, 1.000000;;
              }
              Frame Armature_mixamorig_RightToe_End {
                FrameTransformMatrix {
                   1.000000,-0.000000, 0.000000, 0.000000,
                   0.000000, 1.000000, 0.000000, 0.000000,
                   0.000000, 0.000000, 1.000000, 0.000000,
                   0.000004,16.881929, 0.000001, 1.000000;;
                }
              } // End of Armature_mixamorig_RightToe_End
            } // End of Armature_mixamorig_RightToeBase
          } // End of Armature_mixamorig_RightFoot
        } // End of Armature_mixamorig_RightLeg
      } // End of Armature_mixamorig_RightUpLeg
      Frame Armature_mixamorig_Spine {
        FrameTransformMatrix {
           0.999307,-0.036984, 0.004303, 0.000000,
           0.036689, 0.997786, 0.055475, 0.000000,
          -0.006346,-0.055279, 0.998451, 0.000000,
           0.000000,10.763905, 1.243500, 1.000000;;
        }
        Frame Armature_mixamorig_Spine1 {
          FrameTransformMatrix {
             0.999963, 0.006484, 0.005669, 0.000000,
            -0.006498, 0.999976, 0.002437, 0.000000,
            -0.005653,-0.002474, 0.999981, 0.000000,
            -0.000000,13.063303, 0.000001, 1.000000;;
          }
          Frame Armature_mixamorig_Spine2 {
            FrameTransformMatrix {
               0.999962, 0.002989, 0.008135, 0.000000,
              -0.004250, 0.987162, 0.159668, 0.000000,
              -0.007553,-0.159696, 0.987137, 0.000000,
               0.000000,13.020499, 0.000000, 1.000000;;
            }
            Frame Armature_mixamorig_LeftShoulder {
              FrameTransformMatrix {
                 0.072454, 0.009044,-0.997331, 0.000000,
                 0.969831, 0.232728, 0.072567, 0.000000,
                 0.232763,-0.972500, 0.008091, 0.000000,
                 9.553598,16.065382,-5.227795, 1.000000;;
              }
              Frame Armature_mixamorig_LeftArm {
                FrameTransformMatrix {
                   0.623331,-0.033319,-0.781248, 0.000000,
                   0.068448, 0.997581, 0.012066, 0.000000,
                   0.778957,-0.060996, 0.624104, 0.000000,
                   0.000000,18.035488, 0.000019, 1.000000;;
                }
                Frame Armature_mixamorig_LeftForeArm {
                  FrameTransformMatrix {
                     0.838839, 0.539435,-0.073200, 0.000000,
                    -0.509363, 0.825202, 0.244113, 0.000000,
                     0.192088,-0.167486, 0.966980, 0.000000,
                     0.000020,26.415106,-0.000005, 1.000000;;
                  }
                  Frame Armature_mixamorig_LeftHand {
                    FrameTransformMatrix {
                       1.000000, 0.000000, 0.000000, 0.000000,
                       0.000000, 1.000000, 0.000000, 0.000000,
                      -0.000000,-0.000000, 1.000000, 0.000000,
                      -0.000002,26.753405, 0.000005, 1.000000;;
                    }
                  } // End of Armature_mixamorig_LeftHand
                } // End of Armature_mixamorig_LeftForeArm
              } // End of Armature_mixamorig_LeftArm
            } // End of Armature_mixamorig_LeftShoulder
            Frame Armature_mixamorig_Neck {
              FrameTransformMatrix {
                 0.703521,-0.187906,-0.685383, 0.000000,
                 0.138807, 0.982169,-0.126794, 0.000000,
                 0.696987,-0.005934, 0.717059, 0.000000,
                -0.011899,24.670700, 2.028102, 1.000000;;
              }
              Frame Armature_mixamorig_Head {
                FrameTransformMatrix {
                   0.921765,-0.186982,-0.339688, 0.000000,
                   0.138189, 0.976939,-0.162771, 0.000000,
                   0.362289, 0.103096, 0.926346, 0.000000,
                  -0.000003, 8.817303, 6.102599, 1.000000;;
                }
                Frame Armature_mixamorig_HeadTop_End {
                  FrameTransformMatrix {
                     1.000000,-0.000000, 0.000000, 0.000000,
                     0.000000, 1.000000, 0.000000, 0.000000,
                     0.000000,-0.000000, 1.000000, 0.000000,
                     0.000003,20.493916,-0.282501, 1.000000;;
                  }
                } // End of Armature_mixamorig_HeadTop_End
              } // End of Armature_mixamorig_Head
            } // End of Armature_mixamorig_Neck
            Frame Armature_mixamorig_RightShoulder {
              FrameTransformMatrix {
                -0.081500, 0.005543, 0.996658, 0.000000,
                -0.973623, 0.213374,-0.080803, 0.000000,
                -0.213109,-0.976955,-0.011993, 0.000000,
                -9.553599,16.065380,-5.227796, 1.000000;;
              }
              Frame Armature_mixamorig_RightArm {
                FrameTransformMatrix {
                   0.700000, 0.136906, 0.700897, 0.000000,
                  -0.264909, 0.961209, 0.076817, 0.000000,
                  -0.663192,-0.239446, 0.709114, 0.000000,
                   0.000000,17.955095,-0.000004, 1.000000;;
                }
                Frame Armature_mixamorig_RightForeArm {
                  FrameTransformMatrix {
                     0.751588,-0.433581,-0.497114, 0.000000,
                     0.582700, 0.789611, 0.192290, 0.000000,
                     0.309153,-0.434191, 0.846110, 0.000000,
                     0.000005,26.415106, 0.000002, 1.000000;;
                  }
                  Frame Armature_mixamorig_RightHand {
                    FrameTransformMatrix {
                       0.910707, 0.364928, 0.193494, 0.000000,
                      -0.387914, 0.916562, 0.097144, 0.000000,
                      -0.141898,-0.163529, 0.976280, 0.000000,
                       0.000008,26.753403,-0.000005, 1.000000;;
                    }
                    Frame Armature_mixamorig_RightHandIndex1 {
                      FrameTransformMatrix {
                         0.897043,-0.416746, 0.147098, 0.000000,
                         0.118811, 0.547997, 0.828000, 0.000000,
                        -0.425675,-0.725274, 0.541091, 0.000000,
                         8.654217,18.447786,-1.479596, 1.000000;;
                      }
                      Frame Armature_mixamorig_RightHandIndex2 {
                        FrameTransformMatrix {
                           1.000000,-0.000510,-0.000039, 0.000000,
                           0.000494, 0.942483, 0.334254, 0.000000,
                          -0.000134,-0.334254, 0.942483, 0.000000,
                          -0.000013, 7.514394, 0.000002, 1.000000;;
                        }
                        Frame Armature_mixamorig_RightHandIndex3 {
                          FrameTransformMatrix {
                             0.999543,-0.030179, 0.001475, 0.000000,
                             0.030214, 0.997981,-0.055866, 0.000000,
                             0.000214, 0.055885, 0.998437, 0.000000,
                            -0.000000, 7.489403,-0.000002, 1.000000;;
                          }
                          Frame Armature_mixamorig_RightHandIndex4 {
                            FrameTransformMatrix {
                               1.000000,-0.000000,-0.000000, 0.000000,
                              -0.000000, 1.000000, 0.000000, 0.000000,
                               0.000000,-0.000000, 1.000000, 0.000000,
                              -0.000013, 6.769708, 0.000003, 1.000000;;
                            }
                          } // End of Armature_mixamorig_RightHandIndex4
                        } // End of Armature_mixamorig_RightHandIndex3
                      } // End of Armature_mixamorig_RightHandIndex2
                    } // End of Armature_mixamorig_RightHandIndex1
                    Frame Armature_mixamorig_RightHandPinky1 {
                      FrameTransformMatrix {
                         0.021802, 0.588163,-0.808449, 0.000000,
                         0.297708, 0.768138, 0.566864, 0.000000,
                         0.954408,-0.253040,-0.158354, 0.000000,
                        -10.003092,17.507803, 0.477999, 1.000000;;
                      }
                      Frame Armature_mixamorig_RightHandPinky2 {
                        FrameTransformMatrix {
                           0.859827, 0.510585, 0.000212, 0.000000,
                          -0.510585, 0.859827, 0.000774, 0.000000,
                           0.000212,-0.000774, 1.000000, 0.000000,
                          -0.000000, 7.044202, 0.000008, 1.000000;;
                        }
                        Frame Armature_mixamorig_RightHandPinky3 {
                          FrameTransformMatrix {
                             0.752630, 0.658443, 0.000375, 0.000000,
                            -0.658443, 0.752630, 0.000998, 0.000000,
                             0.000375,-0.000998, 0.999999, 0.000000,
                            -0.000005, 7.078898, 0.000002, 1.000000;;
                          }
                          Frame Armature_mixamorig_RightHandPinky4 {
                            FrameTransformMatrix {
                               1.000000,-0.000000,-0.000000, 0.000000,
                               0.000000, 1.000000,-0.000000, 0.000000,
                               0.000000, 0.000000, 1.000000, 0.000000,
                               0.000002, 7.093010, 0.000002, 1.000000;;
                            }
                          } // End of Armature_mixamorig_RightHandPinky4
                        } // End of Armature_mixamorig_RightHandPinky3
                      } // End of Armature_mixamorig_RightHandPinky2
                    } // End of Armature_mixamorig_RightHandPinky1
                    Frame Armature_mixamorig_RightHandThumb1 {
                      FrameTransformMatrix {
                         0.761137,-0.640260,-0.103623, 0.000000,
                         0.536337, 0.531480, 0.655646, 0.000000,
                        -0.364711,-0.554613, 0.747924, 0.000000,
                         6.163509, 2.492283, 4.446405, 1.000000;;
                      }
                      Frame Armature_mixamorig_RightHandThumb2 {
                        FrameTransformMatrix {
                           0.997750, 0.056886, 0.035494, 0.000000,
                          -0.053328, 0.994125,-0.094191, 0.000000,
                          -0.040643, 0.092086, 0.994921, 0.000000,
                          -0.000002,10.473011,-0.000014, 1.000000;;
                        }
                        Frame Armature_mixamorig_RightHandThumb3 {
                          FrameTransformMatrix {
                             0.999353, 0.007699, 0.035131, 0.000000,
                            -0.001995, 0.987183,-0.159582, 0.000000,
                            -0.035909, 0.159409, 0.986559, 0.000000,
                            -0.000002, 8.498784, 0.000002, 1.000000;;
                          }
                          Frame Armature_mixamorig_RightHandThumb4 {
                            FrameTransformMatrix {
                               1.000000,-0.000000, 0.000000, 0.000000,
                               0.000000, 1.000000, 0.000001, 0.000000,
                              -0.000000,-0.000001, 1.000000, 0.000000,
                              -0.000001, 8.025303,-0.000004, 1.000000;;
                            }
                          } // End of Armature_mixamorig_RightHandThumb4
                        } // End of Armature_mixamorig_RightHandThumb3
                      } // End of Armature_mixamorig_RightHandThumb2
                    } // End of Armature_mixamorig_RightHandThumb1
                  } // End of Armature_mixamorig_RightHand
                } // End of Armature_mixamorig_RightForeArm
              } // End of Armature_mixamorig_RightArm
            } // End of Armature_mixamorig_RightShoulder
          } // End of Armature_mixamorig_Spine2
        } // End of Armature_mixamorig_Spine1
      } // End of Armature_mixamorig_Spine
    } // End of Armature_mixamorig_Hips
  } // End of Armature
} // End of Root
AnimationSet Global {
  Animation {
    {Armature}
    AnimationKey { // Rotation
      0;
      276;
      0;4;-0.707107, 0.707107, 0.000000, 0.000000;;,
      1;4;-0.707107, 0.707107, 0.000000, 0.000000;;,
      2;4;-0.707107, 0.707107, 0.000000, 0.000000;;,
      3;4;-0.707107, 0.707107, 0.000000, 0.000000;;,
      4;4;-0.707107, 0.707107, 0.000000, 0.000000;;,
      5;4;-0.707107, 0.707107, 0.000000, 0.000000;;,
      6;4;-0.707107, 0.707107, 0.000000, 0.000000;;,
      7;4;-0.707107, 0.707107, 0.000000, 0.000000;;,
      8;4;-0.707107, 0.707107, 0.000000, 0.000000;;,
      9;4;-0.707107, 0.707107, 0.000000, 0.000000;;,
      10;4;-0.707107, 0.707107, 0.000000, 0.000000;;,
      11;4;-0.707107, 0.707107, 0.000000, 0.000000;;,
      12;4;-0.707107, 0.707107, 0.000000, 0.000000;;,
      13;4;-0.707107, 0.707107, 0.000000, 0.000000;;,
      14;4;-0.707107, 0.707107, 0.000000, 0.000000;;,
      15;4;-0.707107, 0.707107, 0.000000, 0.000000;;,
      16;4;-0.707107, 0.707107, 0.000000, 0.000000;;,
      17;4;-0.707107, 0.707107, 0.000000, 0.000000;;,
      18;4;-0.707107, 0.707107, 0.000000, 0.000000;;,
      19;4;-0.707107, 0.707107, 0.000000, 0.000000;;,
      20;4;-0.707107, 0.707107, 0.000000, 0.000000;;,
      21;4;-0.707107, 0.707107, 0.000000, 0.000000;;,
      22;4;-0.707107, 0.707107, 0.000000, 0.000000;;,
      23;4;-0.707107, 0.707107, 0.000000, 0.000000;;,
      24;4;-0.707107, 0.707107, 0.000000, 0.000000;;,
      25;4;-0.707107, 0.707107, 0.000000, 0.000000;;,
      26;4;-0.707107, 0.707107, 0.000000, 0.000000;;,
      27;4;-0.707107, 0.707107, 0.000000, 0.000000;;,
      28;4;-0.707107, 0.707107, 0.000000, 0.000000;;,
      29;4;-0.707107, 0.707107, 0.000000, 0.000000;;,
      30;4;-0.707107, 0.707107, 0.000000, 0.000000;;,
      31;4;-0.707107, 0.707107, 0.000000, 0.000000;;,
      32;4;-0.707107, 0.707107, 0.000000, 0.000000;;,
      33;4;-0.707107, 0.707107, 0.000000, 0.000000;;,
      34;4;-0.707107, 0.707107, 0.000000, 0.000000;;,
      35;4;-0.707107, 0.707107, 0.000000, 0.000000;;,
      36;4;-0.707107, 0.707107, 0.000000, 0.000000;;,
      37;4;-0.707107, 0.707107, 0.000000, 0.000000;;,
      38;4;-0.707107, 0.707107, 0.000000, 0.000000;;,
      39;4;-0.707107, 0.707107, 0.000000, 0.000000;;,
      40;4;-0.707107, 0.707107, 0.000000, 0.000000;;,
      41;4;-0.707107, 0.707107, 0.000000, 0.000000;;,
      42;4;-0.707107, 0.707107, 0.000000, 0.000000;;,
      43;4;-0.707107, 0.707107, 0.000000, 0.000000;;,
      44;4;-0.707107, 0.707107, 0.000000, 0.000000;;,
      45;4;-0.707107, 0.707107, 0.000000, 0.000000;;,
      46;4;-0.707107, 0.707107, 0.000000, 0.000000;;,
      47;4;-0.707107, 0.707107, 0.000000, 0.000000;;,
      48;4;-0.707107, 0.707107, 0.000000, 0.000000;;,
      49;4;-0.707107, 0.707107, 0.000000, 0.000000;;,
      50;4;-0.707107, 0.707107, 0.000000, 0.000000;;,
      51;4;-0.707107, 0.707107, 0.000000, 0.000000;;,
      52;4;-0.707107, 0.707107, 0.000000, 0.000000;;,
      53;4;-0.707107, 0.707107, 0.000000, 0.000000;;,
      54;4;-0.707107, 0.707107, 0.000000, 0.000000;;,
      55;4;-0.707107, 0.707107, 0.000000, 0.000000;;,
      56;4;-0.707107, 0.707107, 0.000000, 0.000000;;,
      57;4;-0.707107, 0.707107, 0.000000, 0.000000;;,
      58;4;-0.707107, 0.707107, 0.000000, 0.000000;;,
      59;4;-0.707107, 0.707107, 0.000000, 0.000000;;,
      60;4;-0.707107, 0.707107, 0.000000, 0.000000;;,
      61;4;-0.707107, 0.707107, 0.000000, 0.000000;;,
      62;4;-0.707107, 0.707107, 0.000000, 0.000000;;,
      63;4;-0.707107, 0.707107, 0.000000, 0.000000;;,
      64;4;-0.707107, 0.707107, 0.000000, 0.000000;;,
      65;4;-0.707107, 0.707107, 0.000000, 0.000000;;,
      66;4;-0.707107, 0.707107, 0.000000, 0.000000;;,
      67;4;-0.707107, 0.707107, 0.000000, 0.000000;;,
      68;4;-0.707107, 0.707107, 0.000000, 0.000000;;,
      69;4;-0.707107, 0.707107, 0.000000, 0.000000;;,
      70;4;-0.707107, 0.707107, 0.000000, 0.000000;;,
      71;4;-0.707107, 0.707107, 0.000000, 0.000000;;,
      72;4;-0.707107, 0.707107, 0.000000, 0.000000;;,
      73;4;-0.707107, 0.707107, 0.000000, 0.000000;;,
      74;4;-0.707107, 0.707107, 0.000000, 0.000000;;,
      75;4;-0.707107, 0.707107, 0.000000, 0.000000;;,
      76;4;-0.707107, 0.707107, 0.000000, 0.000000;;,
      77;4;-0.707107, 0.707107, 0.000000, 0.000000;;,
      78;4;-0.707107, 0.707107, 0.000000, 0.000000;;,
      79;4;-0.707107, 0.707107, 0.000000, 0.000000;;,
      80;4;-0.707107, 0.707107, 0.000000, 0.000000;;,
      81;4;-0.707107, 0.707107, 0.000000, 0.000000;;,
      82;4;-0.707107, 0.707107, 0.000000, 0.000000;;,
      83;4;-0.707107, 0.707107, 0.000000, 0.000000;;,
      84;4;-0.707107, 0.707107, 0.000000, 0.000000;;,
      85;4;-0.707107, 0.707107, 0.000000, 0.000000;;,
      86;4;-0.707107, 0.707107, 0.000000, 0.000000;;,
      87;4;-0.707107, 0.707107, 0.000000, 0.000000;;,
      88;4;-0.707107, 0.707107, 0.000000, 0.000000;;,
      89;4;-0.707107, 0.707107, 0.000000, 0.000000;;,
      90;4;-0.707107, 0.707107, 0.000000, 0.000000;;,
      91;4;-0.707107, 0.707107, 0.000000, 0.000000;;,
      92;4;-0.707107, 0.707107, 0.000000, 0.000000;;,
      93;4;-0.707107, 0.707107, 0.000000, 0.000000;;,
      94;4;-0.707107, 0.707107, 0.000000, 0.000000;;,
      95;4;-0.707107, 0.707107, 0.000000, 0.000000;;,
      96;4;-0.707107, 0.707107, 0.000000, 0.000000;;,
      97;4;-0.707107, 0.707107, 0.000000, 0.000000;;,
      98;4;-0.707107, 0.707107, 0.000000, 0.000000;;,
      99;4;-0.707107, 0.707107, 0.000000, 0.000000;;,
      100;4;-0.707107, 0.707107, 0.000000, 0.000000;;,
      101;4;-0.707107, 0.707107, 0.000000, 0.000000;;,
      102;4;-0.707107, 0.707107, 0.000000, 0.000000;;,
      103;4;-0.707107, 0.707107, 0.000000, 0.000000;;,
      104;4;-0.707107, 0.707107, 0.000000, 0.000000;;,
      105;4;-0.707107, 0.707107, 0.000000, 0.000000;;,
      106;4;-0.707107, 0.707107, 0.000000, 0.000000;;,
      107;4;-0.707107, 0.707107, 0.000000, 0.000000;;,
      108;4;-0.707107, 0.707107, 0.000000, 0.000000;;,
      109;4;-0.707107, 0.707107, 0.000000, 0.000000;;,
      110;4;-0.707107, 0.707107, 0.000000, 0.000000;;,
      111;4;-0.707107, 0.707107, 0.000000, 0.000000;;,
      112;4;-0.707107, 0.707107, 0.000000, 0.000000;;,
      113;4;-0.707107, 0.707107, 0.000000, 0.000000;;,
      114;4;-0.707107, 0.707107, 0.000000, 0.000000;;,
      115;4;-0.707107, 0.707107, 0.000000, 0.000000;;,
      116;4;-0.707107, 0.707107, 0.000000, 0.000000;;,
      117;4;-0.707107, 0.707107, 0.000000, 0.000000;;,
      118;4;-0.707107, 0.707107, 0.000000, 0.000000;;,
      119;4;-0.707107, 0.707107, 0.000000, 0.000000;;,
      120;4;-0.707107, 0.707107, 0.000000, 0.000000;;,
      121;4;-0.707107, 0.707107, 0.000000, 0.000000;;,
      122;4;-0.707107, 0.707107, 0.000000, 0.000000;;,
      123;4;-0.707107, 0.707107, 0.000000, 0.000000;;,
      124;4;-0.707107, 0.707107, 0.000000, 0.000000;;,
      125;4;-0.707107, 0.707107, 0.000000, 0.000000;;,
      126;4;-0.707107, 0.707107, 0.000000, 0.000000;;,
      127;4;-0.707107, 0.707107, 0.000000, 0.000000;;,
      128;4;-0.707107, 0.707107, 0.000000, 0.000000;;,
      129;4;-0.707107, 0.707107, 0.000000, 0.000000;;,
      130;4;-0.707107, 0.707107, 0.000000, 0.000000;;,
      131;4;-0.707107, 0.707107, 0.000000, 0.000000;;,
      132;4;-0.707107, 0.707107, 0.000000, 0.000000;;,
      133;4;-0.707107, 0.707107, 0.000000, 0.000000;;,
      134;4;-0.707107, 0.707107, 0.000000, 0.000000;;,
      135;4;-0.707107, 0.707107, 0.000000, 0.000000;;,
      136;4;-0.707107, 0.707107, 0.000000, 0.000000;;,
      137;4;-0.707107, 0.707107, 0.000000, 0.000000;;,
      138;4;-0.707107, 0.707107, 0.000000, 0.000000;;,
      139;4;-0.707107, 0.707107, 0.000000, 0.000000;;,
      140;4;-0.707107, 0.707107, 0.000000, 0.000000;;,
      141;4;-0.707107, 0.707107, 0.000000, 0.000000;;,
      142;4;-0.707107, 0.707107, 0.000000, 0.000000;;,
      143;4;-0.707107, 0.707107, 0.000000, 0.000000;;,
      144;4;-0.707107, 0.707107, 0.000000, 0.000000;;,
      145;4;-0.707107, 0.707107, 0.000000, 0.000000;;,
      146;4;-0.707107, 0.707107, 0.000000, 0.000000;;,
      147;4;-0.707107, 0.707107, 0.000000, 0.000000;;,
      148;4;-0.707107, 0.707107, 0.000000, 0.000000;;,
      149;4;-0.707107, 0.707107, 0.000000, 0.000000;;,
      150;4;-0.707107, 0.707107, 0.000000, 0.000000;;,
      151;4;-0.707107, 0.707107, 0.000000, 0.000000;;,
      152;4;-0.707107, 0.707107, 0.000000, 0.000000;;,
      153;4;-0.707107, 0.707107, 0.000000, 0.000000;;,
      154;4;-0.707107, 0.707107, 0.000000, 0.000000;;,
      155;4;-0.707107, 0.707107, 0.000000, 0.000000;;,
      156;4;-0.707107, 0.707107, 0.000000, 0.000000;;,
      157;4;-0.707107, 0.707107, 0.000000, 0.000000;;,
      158;4;-0.707107, 0.707107, 0.000000, 0.000000;;,
      159;4;-0.707107, 0.707107, 0.000000, 0.000000;;,
      160;4;-0.707107, 0.707107, 0.000000, 0.000000;;,
      161;4;-0.707107, 0.707107, 0.000000, 0.000000;;,
      162;4;-0.707107, 0.707107, 0.000000, 0.000000;;,
      163;4;-0.707107, 0.707107, 0.000000, 0.000000;;,
      164;4;-0.707107, 0.707107, 0.000000, 0.000000;;,
      165;4;-0.707107, 0.707107, 0.000000, 0.000000;;,
      166;4;-0.707107, 0.707107, 0.000000, 0.000000;;,
      167;4;-0.707107, 0.707107, 0.000000, 0.000000;;,
      168;4;-0.707107, 0.707107, 0.000000, 0.000000;;,
      169;4;-0.707107, 0.707107, 0.000000, 0.000000;;,
      170;4;-0.707107, 0.707107, 0.000000, 0.000000;;,
      171;4;-0.707107, 0.707107, 0.000000, 0.000000;;,
      172;4;-0.707107, 0.707107, 0.000000, 0.000000;;,
      173;4;-0.707107, 0.707107, 0.000000, 0.000000;;,
      174;4;-0.707107, 0.707107, 0.000000, 0.000000;;,
      175;4;-0.707107, 0.707107, 0.000000, 0.000000;;,
      176;4;-0.707107, 0.707107, 0.000000, 0.000000;;,
      177;4;-0.707107, 0.707107, 0.000000, 0.000000;;,
      178;4;-0.707107, 0.707107, 0.000000, 0.000000;;,
      179;4;-0.707107, 0.707107, 0.000000, 0.000000;;,
      180;4;-0.707107, 0.707107, 0.000000, 0.000000;;,
      181;4;-0.707107, 0.707107, 0.000000, 0.000000;;,
      182;4;-0.707107, 0.707107, 0.000000, 0.000000;;,
      183;4;-0.707107, 0.707107, 0.000000, 0.000000;;,
      184;4;-0.707107, 0.707107, 0.000000, 0.000000;;,
      185;4;-0.707107, 0.707107, 0.000000, 0.000000;;,
      186;4;-0.707107, 0.707107, 0.000000, 0.000000;;,
      187;4;-0.707107, 0.707107, 0.000000, 0.000000;;,
      188;4;-0.707107, 0.707107, 0.000000, 0.000000;;,
      189;4;-0.707107, 0.707107, 0.000000, 0.000000;;,
      190;4;-0.707107, 0.707107, 0.000000, 0.000000;;,
      191;4;-0.707107, 0.707107, 0.000000, 0.000000;;,
      192;4;-0.707107, 0.707107, 0.000000, 0.000000;;,
      193;4;-0.707107, 0.707107, 0.000000, 0.000000;;,
      194;4;-0.707107, 0.707107, 0.000000, 0.000000;;,
      195;4;-0.707107, 0.707107, 0.000000, 0.000000;;,
      196;4;-0.707107, 0.707107, 0.000000, 0.000000;;,
      197;4;-0.707107, 0.707107, 0.000000, 0.000000;;,
      198;4;-0.707107, 0.707107, 0.000000, 0.000000;;,
      199;4;-0.707107, 0.707107, 0.000000, 0.000000;;,
      200;4;-0.707107, 0.707107, 0.000000, 0.000000;;,
      201;4;-0.707107, 0.707107, 0.000000, 0.000000;;,
      202;4;-0.707107, 0.707107, 0.000000, 0.000000;;,
      203;4;-0.707107, 0.707107, 0.000000, 0.000000;;,
      204;4;-0.707107, 0.707107, 0.000000, 0.000000;;,
      205;4;-0.707107, 0.707107, 0.000000, 0.000000;;,
      206;4;-0.707107, 0.707107, 0.000000, 0.000000;;,
      207;4;-0.707107, 0.707107, 0.000000, 0.000000;;,
      208;4;-0.707107, 0.707107, 0.000000, 0.000000;;,
      209;4;-0.707107, 0.707107, 0.000000, 0.000000;;,
      210;4;-0.707107, 0.707107, 0.000000, 0.000000;;,
      211;4;-0.707107, 0.707107, 0.000000, 0.000000;;,
      212;4;-0.707107, 0.707107, 0.000000, 0.000000;;,
      213;4;-0.707107, 0.707107, 0.000000, 0.000000;;,
      214;4;-0.707107, 0.707107, 0.000000, 0.000000;;,
      215;4;-0.707107, 0.707107, 0.000000, 0.000000;;,
      216;4;-0.707107, 0.707107, 0.000000, 0.000000;;,
      217;4;-0.707107, 0.707107, 0.000000, 0.000000;;,
      218;4;-0.707107, 0.707107, 0.000000, 0.000000;;,
      219;4;-0.707107, 0.707107, 0.000000, 0.000000;;,
      220;4;-0.707107, 0.707107, 0.000000, 0.000000;;,
      221;4;-0.707107, 0.707107, 0.000000, 0.000000;;,
      222;4;-0.707107, 0.707107, 0.000000, 0.000000;;,
      223;4;-0.707107, 0.707107, 0.000000, 0.000000;;,
      224;4;-0.707107, 0.707107, 0.000000, 0.000000;;,
      225;4;-0.707107, 0.707107, 0.000000, 0.000000;;,
      226;4;-0.707107, 0.707107, 0.000000, 0.000000;;,
      227;4;-0.707107, 0.707107, 0.000000, 0.000000;;,
      228;4;-0.707107, 0.707107, 0.000000, 0.000000;;,
      229;4;-0.707107, 0.707107, 0.000000, 0.000000;;,
      230;4;-0.707107, 0.707107, 0.000000, 0.000000;;,
      231;4;-0.707107, 0.707107, 0.000000, 0.000000;;,
      232;4;-0.707107, 0.707107, 0.000000, 0.000000;;,
      233;4;-0.707107, 0.707107, 0.000000, 0.000000;;,
      234;4;-0.707107, 0.707107, 0.000000, 0.000000;;,
      235;4;-0.707107, 0.707107, 0.000000, 0.000000;;,
      236;4;-0.707107, 0.707107, 0.000000, 0.000000;;,
      237;4;-0.707107, 0.707107, 0.000000, 0.000000;;,
      238;4;-0.707107, 0.707107, 0.000000, 0.000000;;,
      239;4;-0.707107, 0.707107, 0.000000, 0.000000;;,
      240;4;-0.707107, 0.707107, 0.000000, 0.000000;;,
      241;4;-0.707107, 0.707107, 0.000000, 0.000000;;,
      242;4;-0.707107, 0.707107, 0.000000, 0.000000;;,
      243;4;-0.707107, 0.707107, 0.000000, 0.000000;;,
      244;4;-0.707107, 0.707107, 0.000000, 0.000000;;,
      245;4;-0.707107, 0.707107, 0.000000, 0.000000;;,
      246;4;-0.707107, 0.707107, 0.000000, 0.000000;;,
      247;4;-0.707107, 0.707107, 0.000000, 0.000000;;,
      248;4;-0.707107, 0.707107, 0.000000, 0.000000;;,
      249;4;-0.707107, 0.707107, 0.000000, 0.000000;;,
      250;4;-0.707107, 0.707107, 0.000000, 0.000000;;,
      251;4;-0.707107, 0.707107, 0.000000, 0.000000;;,
      252;4;-0.707107, 0.707107, 0.000000, 0.000000;;,
      253;4;-0.707107, 0.707107, 0.000000, 0.000000;;,
      254;4;-0.707107, 0.707107, 0.000000, 0.000000;;,
      255;4;-0.707107, 0.707107, 0.000000, 0.000000;;,
      256;4;-0.707107, 0.707107, 0.000000, 0.000000;;,
      257;4;-0.707107, 0.707107, 0.000000, 0.000000;;,
      258;4;-0.707107, 0.707107, 0.000000, 0.000000;;,
      259;4;-0.707107, 0.707107, 0.000000, 0.000000;;,
      260;4;-0.707107, 0.707107, 0.000000, 0.000000;;,
      261;4;-0.707107, 0.707107, 0.000000, 0.000000;;,
      262;4;-0.707107, 0.707107, 0.000000, 0.000000;;,
      263;4;-0.707107, 0.707107, 0.000000, 0.000000;;,
      264;4;-0.707107, 0.707107, 0.000000, 0.000000;;,
      265;4;-0.707107, 0.707107, 0.000000, 0.000000;;,
      266;4;-0.707107, 0.707107, 0.000000, 0.000000;;,
      267;4;-0.707107, 0.707107, 0.000000, 0.000000;;,
      268;4;-0.707107, 0.707107, 0.000000, 0.000000;;,
      269;4;-0.707107, 0.707107, 0.000000, 0.000000;;,
      270;4;-0.707107, 0.707107, 0.000000, 0.000000;;,
      271;4;-0.707107, 0.707107, 0.000000, 0.000000;;,
      272;4;-0.707107, 0.707107, 0.000000, 0.000000;;,
      273;4;-0.707107, 0.707107, 0.000000, 0.000000;;,
      274;4;-0.707107, 0.707107, 0.000000, 0.000000;;,
      275;4;-0.707107, 0.707107, 0.000000, 0.000000;;;
    }
    AnimationKey { // Scale
      1;
      276;
      0;3; 0.100000, 0.100000, 0.100000;;,
      1;3; 0.100000, 0.100000, 0.100000;;,
      2;3; 0.100000, 0.100000, 0.100000;;,
      3;3; 0.100000, 0.100000, 0.100000;;,
      4;3; 0.100000, 0.100000, 0.100000;;,
      5;3; 0.100000, 0.100000, 0.100000;;,
      6;3; 0.100000, 0.100000, 0.100000;;,
      7;3; 0.100000, 0.100000, 0.100000;;,
      8;3; 0.100000, 0.100000, 0.100000;;,
      9;3; 0.100000, 0.100000, 0.100000;;,
      10;3; 0.100000, 0.100000, 0.100000;;,
      11;3; 0.100000, 0.100000, 0.100000;;,
      12;3; 0.100000, 0.100000, 0.100000;;,
      13;3; 0.100000, 0.100000, 0.100000;;,
      14;3; 0.100000, 0.100000, 0.100000;;,
      15;3; 0.100000, 0.100000, 0.100000;;,
      16;3; 0.100000, 0.100000, 0.100000;;,
      17;3; 0.100000, 0.100000, 0.100000;;,
      18;3; 0.100000, 0.100000, 0.100000;;,
      19;3; 0.100000, 0.100000, 0.100000;;,
      20;3; 0.100000, 0.100000, 0.100000;;,
      21;3; 0.100000, 0.100000, 0.100000;;,
      22;3; 0.100000, 0.100000, 0.100000;;,
      23;3; 0.100000, 0.100000, 0.100000;;,
      24;3; 0.100000, 0.100000, 0.100000;;,
      25;3; 0.100000, 0.100000, 0.100000;;,
      26;3; 0.100000, 0.100000, 0.100000;;,
      27;3; 0.100000, 0.100000, 0.100000;;,
      28;3; 0.100000, 0.100000, 0.100000;;,
      29;3; 0.100000, 0.100000, 0.100000;;,
      30;3; 0.100000, 0.100000, 0.100000;;,
      31;3; 0.100000, 0.100000, 0.100000;;,
      32;3; 0.100000, 0.100000, 0.100000;;,
      33;3; 0.100000, 0.100000, 0.100000;;,
      34;3; 0.100000, 0.100000, 0.100000;;,
      35;3; 0.100000, 0.100000, 0.100000;;,
      36;3; 0.100000, 0.100000, 0.100000;;,
      37;3; 0.100000, 0.100000, 0.100000;;,
      38;3; 0.100000, 0.100000, 0.100000;;,
      39;3; 0.100000, 0.100000, 0.100000;;,
      40;3; 0.100000, 0.100000, 0.100000;;,
      41;3; 0.100000, 0.100000, 0.100000;;,
      42;3; 0.100000, 0.100000, 0.100000;;,
      43;3; 0.100000, 0.100000, 0.100000;;,
      44;3; 0.100000, 0.100000, 0.100000;;,
      45;3; 0.100000, 0.100000, 0.100000;;,
      46;3; 0.100000, 0.100000, 0.100000;;,
      47;3; 0.100000, 0.100000, 0.100000;;,
      48;3; 0.100000, 0.100000, 0.100000;;,
      49;3; 0.100000, 0.100000, 0.100000;;,
      50;3; 0.100000, 0.100000, 0.100000;;,
      51;3; 0.100000, 0.100000, 0.100000;;,
      52;3; 0.100000, 0.100000, 0.100000;;,
      53;3; 0.100000, 0.100000, 0.100000;;,
      54;3; 0.100000, 0.100000, 0.100000;;,
      55;3; 0.100000, 0.100000, 0.100000;;,
      56;3; 0.100000, 0.100000, 0.100000;;,
      57;3; 0.100000, 0.100000, 0.100000;;,
      58;3; 0.100000, 0.100000, 0.100000;;,
      59;3; 0.100000, 0.100000, 0.100000;;,
      60;3; 0.100000, 0.100000, 0.100000;;,
      61;3; 0.100000, 0.100000, 0.100000;;,
      62;3; 0.100000, 0.100000, 0.100000;;,
      63;3; 0.100000, 0.100000, 0.100000;;,
      64;3; 0.100000, 0.100000, 0.100000;;,
      65;3; 0.100000, 0.100000, 0.100000;;,
      66;3; 0.100000, 0.100000, 0.100000;;,
      67;3; 0.100000, 0.100000, 0.100000;;,
      68;3; 0.100000, 0.100000, 0.100000;;,
      69;3; 0.100000, 0.100000, 0.100000;;,
      70;3; 0.100000, 0.100000, 0.100000;;,
      71;3; 0.100000, 0.100000, 0.100000;;,
      72;3; 0.100000, 0.100000, 0.100000;;,
      73;3; 0.100000, 0.100000, 0.100000;;,
      74;3; 0.100000, 0.100000, 0.100000;;,
      75;3; 0.100000, 0.100000, 0.100000;;,
      76;3; 0.100000, 0.100000, 0.100000;;,
      77;3; 0.100000, 0.100000, 0.100000;;,
      78;3; 0.100000, 0.100000, 0.100000;;,
      79;3; 0.100000, 0.100000, 0.100000;;,
      80;3; 0.100000, 0.100000, 0.100000;;,
      81;3; 0.100000, 0.100000, 0.100000;;,
      82;3; 0.100000, 0.100000, 0.100000;;,
      83;3; 0.100000, 0.100000, 0.100000;;,
      84;3; 0.100000, 0.100000, 0.100000;;,
      85;3; 0.100000, 0.100000, 0.100000;;,
      86;3; 0.100000, 0.100000, 0.100000;;,
      87;3; 0.100000, 0.100000, 0.100000;;,
      88;3; 0.100000, 0.100000, 0.100000;;,
      89;3; 0.100000, 0.100000, 0.100000;;,
      90;3; 0.100000, 0.100000, 0.100000;;,
      91;3; 0.100000, 0.100000, 0.100000;;,
      92;3; 0.100000, 0.100000, 0.100000;;,
      93;3; 0.100000, 0.100000, 0.100000;;,
      94;3; 0.100000, 0.100000, 0.100000;;,
      95;3; 0.100000, 0.100000, 0.100000;;,
      96;3; 0.100000, 0.100000, 0.100000;;,
      97;3; 0.100000, 0.100000, 0.100000;;,
      98;3; 0.100000, 0.100000, 0.100000;;,
      99;3; 0.100000, 0.100000, 0.100000;;,
      100;3; 0.100000, 0.100000, 0.100000;;,
      101;3; 0.100000, 0.100000, 0.100000;;,
      102;3; 0.100000, 0.100000, 0.100000;;,
      103;3; 0.100000, 0.100000, 0.100000;;,
      104;3; 0.100000, 0.100000, 0.100000;;,
      105;3; 0.100000, 0.100000, 0.100000;;,
      106;3; 0.100000, 0.100000, 0.100000;;,
      107;3; 0.100000, 0.100000, 0.100000;;,
      108;3; 0.100000, 0.100000, 0.100000;;,
      109;3; 0.100000, 0.100000, 0.100000;;,
      110;3; 0.100000, 0.100000, 0.100000;;,
      111;3; 0.100000, 0.100000, 0.100000;;,
      112;3; 0.100000, 0.100000, 0.100000;;,
      113;3; 0.100000, 0.100000, 0.100000;;,
      114;3; 0.100000, 0.100000, 0.100000;;,
      115;3; 0.100000, 0.100000, 0.100000;;,
      116;3; 0.100000, 0.100000, 0.100000;;,
      117;3; 0.100000, 0.100000, 0.100000;;,
      118;3; 0.100000, 0.100000, 0.100000;;,
      119;3; 0.100000, 0.100000, 0.100000;;,
      120;3; 0.100000, 0.100000, 0.100000;;,
      121;3; 0.100000, 0.100000, 0.100000;;,
      122;3; 0.100000, 0.100000, 0.100000;;,
      123;3; 0.100000, 0.100000, 0.100000;;,
      124;3; 0.100000, 0.100000, 0.100000;;,
      125;3; 0.100000, 0.100000, 0.100000;;,
      126;3; 0.100000, 0.100000, 0.100000;;,
      127;3; 0.100000, 0.100000, 0.100000;;,
      128;3; 0.100000, 0.100000, 0.100000;;,
      129;3; 0.100000, 0.100000, 0.100000;;,
      130;3; 0.100000, 0.100000, 0.100000;;,
      131;3; 0.100000, 0.100000, 0.100000;;,
      132;3; 0.100000, 0.100000, 0.100000;;,
      133;3; 0.100000, 0.100000, 0.100000;;,
      134;3; 0.100000, 0.100000, 0.100000;;,
      135;3; 0.100000, 0.100000, 0.100000;;,
      136;3; 0.100000, 0.100000, 0.100000;;,
      137;3; 0.100000, 0.100000, 0.100000;;,
      138;3; 0.100000, 0.100000, 0.100000;;,
      139;3; 0.100000, 0.100000, 0.100000;;,
      140;3; 0.100000, 0.100000, 0.100000;;,
      141;3; 0.100000, 0.100000, 0.100000;;,
      142;3; 0.100000, 0.100000, 0.100000;;,
      143;3; 0.100000, 0.100000, 0.100000;;,
      144;3; 0.100000, 0.100000, 0.100000;;,
      145;3; 0.100000, 0.100000, 0.100000;;,
      146;3; 0.100000, 0.100000, 0.100000;;,
      147;3; 0.100000, 0.100000, 0.100000;;,
      148;3; 0.100000, 0.100000, 0.100000;;,
      149;3; 0.100000, 0.100000, 0.100000;;,
      150;3; 0.100000, 0.100000, 0.100000;;,
      151;3; 0.100000, 0.100000, 0.100000;;,
      152;3; 0.100000, 0.100000, 0.100000;;,
      153;3; 0.100000, 0.100000, 0.100000;;,
      154;3; 0.100000, 0.100000, 0.100000;;,
      155;3; 0.100000, 0.100000, 0.100000;;,
      156;3; 0.100000, 0.100000, 0.100000;;,
      157;3; 0.100000, 0.100000, 0.100000;;,
      158;3; 0.100000, 0.100000, 0.100000;;,
      159;3; 0.100000, 0.100000, 0.100000;;,
      160;3; 0.100000, 0.100000, 0.100000;;,
      161;3; 0.100000, 0.100000, 0.100000;;,
      162;3; 0.100000, 0.100000, 0.100000;;,
      163;3; 0.100000, 0.100000, 0.100000;;,
      164;3; 0.100000, 0.100000, 0.100000;;,
      165;3; 0.100000, 0.100000, 0.100000;;,
      166;3; 0.100000, 0.100000, 0.100000;;,
      167;3; 0.100000, 0.100000, 0.100000;;,
      168;3; 0.100000, 0.100000, 0.100000;;,
      169;3; 0.100000, 0.100000, 0.100000;;,
      170;3; 0.100000, 0.100000, 0.100000;;,
      171;3; 0.100000, 0.100000, 0.100000;;,
      172;3; 0.100000, 0.100000, 0.100000;;,
      173;3; 0.100000, 0.100000, 0.100000;;,
      174;3; 0.100000, 0.100000, 0.100000;;,
      175;3; 0.100000, 0.100000, 0.100000;;,
      176;3; 0.100000, 0.100000, 0.100000;;,
      177;3; 0.100000, 0.100000, 0.100000;;,
      178;3; 0.100000, 0.100000, 0.100000;;,
      179;3; 0.100000, 0.100000, 0.100000;;,
      180;3; 0.100000, 0.100000, 0.100000;;,
      181;3; 0.100000, 0.100000, 0.100000;;,
      182;3; 0.100000, 0.100000, 0.100000;;,
      183;3; 0.100000, 0.100000, 0.100000;;,
      184;3; 0.100000, 0.100000, 0.100000;;,
      185;3; 0.100000, 0.100000, 0.100000;;,
      186;3; 0.100000, 0.100000, 0.100000;;,
      187;3; 0.100000, 0.100000, 0.100000;;,
      188;3; 0.100000, 0.100000, 0.100000;;,
      189;3; 0.100000, 0.100000, 0.100000;;,
      190;3; 0.100000, 0.100000, 0.100000;;,
      191;3; 0.100000, 0.100000, 0.100000;;,
      192;3; 0.100000, 0.100000, 0.100000;;,
      193;3; 0.100000, 0.100000, 0.100000;;,
      194;3; 0.100000, 0.100000, 0.100000;;,
      195;3; 0.100000, 0.100000, 0.100000;;,
      196;3; 0.100000, 0.100000, 0.100000;;,
      197;3; 0.100000, 0.100000, 0.100000;;,
      198;3; 0.100000, 0.100000, 0.100000;;,
      199;3; 0.100000, 0.100000, 0.100000;;,
      200;3; 0.100000, 0.100000, 0.100000;;,
