xof 0303txt 0032

Frame Root {
  FrameTransformMatrix {
     1.000000, 0.000000, 0.000000, 0.000000,
     0.000000,-0.000000,-1.000000, 0.000000,
     0.000000, 1.000000,-0.000000, 0.000000,
     0.000000, 0.000000, 0.000000, 1.000000;;
  }
  Frame Armature {
    FrameTransformMatrix {
       0.100000, 0.000000, 0.000000, 0.000000,
       0.000000,-0.000000, 0.100000, 0.000000,
       0.000000,-0.100000,-0.000000, 0.000000,
       0.000000, 0.000000, 0.000000, 1.000000;;
    }
    Frame Armature_mixamorig_Hips {
      FrameTransformMatrix {
         0.635368, 0.045948, 0.770841, 0.000000,
        -0.130730, 0.990220, 0.048730, 0.000000,
        -0.761063,-0.131734, 0.635161, 0.000000,
        -3.353294,71.211082, 1.952601, 1.000000;;
      }
      Frame Armature_mixamorig_BackCloth1 {
        FrameTransformMatrix {
          -0.000002,-1.000000,-0.000000, 0.000000,
           1.000000,-0.000002, 0.000000, 0.000000,
           0.000000,-0.000000, 1.000000, 0.000000,
          -0.000002,-5.419201,-29.327002, 1.000000;;
        }
        Frame Armature_mixamorig_BackCloth2 {
          FrameTransformMatrix {
             1.000000, 0.000000, 0.000000, 0.000000,
            -0.000000, 1.000000,-0.000000, 0.000000,
            -0.000000, 0.000000, 1.000000, 0.000000,
            15.308608, 0.000001, 0.000002, 1.000000;;
          }
          Frame Armature_mixamorig_BackCloth3 {
            FrameTransformMatrix {
               1.000000, 0.000000, 0.000000, 0.000000,
              -0.000000, 1.000000,-0.000000, 0.000000,
              -0.000000, 0.000000, 1.000000, 0.000000,
              17.777100, 0.000001,-0.000002, 1.000000;;
            }
            Frame Armature_mixamorig_BackCloth4 {
              FrameTransformMatrix {
                 1.000000, 0.000000, 0.000000, 0.000000,
                -0.000000, 1.000000,-0.000000, 0.000000,
                -0.000000, 0.000000, 1.000000, 0.000000,
                15.545402,-0.000000, 0.000002, 1.000000;;
              }
            } // End of Armature_mixamorig_BackCloth4
          } // End of Armature_mixamorig_BackCloth3
        } // End of Armature_mixamorig_BackCloth2
      } // End of Armature_mixamorig_BackCloth1
      Frame Armature_mixamorig_FrontCloth1 {
        FrameTransformMatrix {
           1.000000,-0.000002,-0.000000, 0.000000,
          -0.000002,-1.000000,-0.000000, 0.000000,
          -0.000000, 0.000000,-1.000000, 0.000000,
           0.000001,-19.940706,22.170200, 1.000000;;
        }
        Frame Armature_mixamorig_FrontCloth2 {
          FrameTransformMatrix {
            -1.000000,-0.000000, 0.000000, 0.000000,
            -0.000000, 1.000000, 0.000000, 0.000000,
            -0.000000, 0.000000,-1.000000, 0.000000,
             0.000000,10.763300,-0.000000, 1.000000;;
          }
          Frame Armature_mixamorig_FrontCloth3 {
            FrameTransformMatrix {
              -1.000000, 0.000000,-0.000000, 0.000000,
               0.000000, 1.000000,-0.000000, 0.000000,
               0.000000,-0.000000,-1.000000, 0.000000,
              -0.000001,13.749510,-0.000002, 1.000000;;
            }
            Frame Armature_mixamorig_FrontCloth4 {
              FrameTransformMatrix {
                 1.000000, 0.000000,-0.000000, 0.000000,
                -0.000000, 1.000000,-0.000000, 0.000000,
                 0.000000, 0.000000, 1.000000, 0.000000,
                 0.000001,14.182598, 0.000002, 1.000000;;
              }
            } // End of Armature_mixamorig_FrontCloth4
          } // End of Armature_mixamorig_FrontCloth3
        } // End of Armature_mixamorig_FrontCloth2
      } // End of Armature_mixamorig_FrontCloth1
      Frame Armature_mixamorig_LeftUpLeg {
        FrameTransformMatrix {
          -0.633898,-0.027776, 0.772919, 0.000000,
           0.747905,-0.276573, 0.603445, 0.000000,
           0.197007, 0.960592, 0.196093, 0.000000,
          19.899097,-7.885102,-3.429501, 1.000000;;
        }
        Frame Armature_mixamorig_LeftLeg {
          FrameTransformMatrix {
             0.921973,-0.322281,-0.214710, 0.000000,
            -0.188503, 0.110833,-0.975798, 0.000000,
             0.338278, 0.940134, 0.041434, 0.000000,
             0.000001,38.282909,-0.000000, 1.000000;;
          }
          Frame Armature_mixamorig_LeftFoot {
            FrameTransformMatrix {
               0.968921,-0.244299,-0.038872, 0.000000,
               0.180244, 0.589591, 0.787334, 0.000000,
              -0.169426,-0.769871, 0.615300, 0.000000,
               0.000000,32.683987,-0.000001, 1.000000;;
            }
            Frame Armature_mixamorig_LeftToeBase {
              FrameTransformMatrix {
                 0.994046,-0.037965,-0.102133, 0.000000,
                 0.106385, 0.540773, 0.834414, 0.000000,
                 0.023552,-0.840311, 0.541592, 0.000000,
                 0.000000,27.100002,-0.000003, 1.000000;;
              }
              Frame Armature_mixamorig_LeftToe_End {
                FrameTransformMatrix {
                   1.000000, 0.000000, 0.000000, 0.000000,
                  -0.000000, 1.000000, 0.000000, 0.000000,
                   0.000000, 0.000000, 1.000000, 0.000000,
                  -0.000003,16.631992, 0.000000, 1.000000;;
                }
              } // End of Armature_mixamorig_LeftToe_End
            } // End of Armature_mixamorig_LeftToeBase
          } // End of Armature_mixamorig_LeftFoot
        } // End of Armature_mixamorig_LeftLeg
      } // End of Armature_mixamorig_LeftUpLeg
      Frame Armature_mixamorig_RightUpLeg {
        FrameTransformMatrix {
          -0.816496, 0.520341,-0.250157, 0.000000,
          -0.552977,-0.580243, 0.597942, 0.000000,
           0.165982, 0.626548, 0.761500, 0.000000,
          -19.899099,-7.885000,-3.429502, 1.000000;;
        }
        Frame Armature_mixamorig_RightLeg {
          FrameTransformMatrix {
             0.982929, 0.143633, 0.114976, 0.000000,
             0.121291,-0.035988,-0.991964, 0.000000,
            -0.138341, 0.988976,-0.052795, 0.000000,
            -0.000002,38.282909, 0.000003, 1.000000;;
          }
          Frame Armature_mixamorig_RightFoot {
            FrameTransformMatrix {
               0.875218, 0.357489, 0.325876, 0.000000,
              -0.309105,-0.104878, 0.945228, 0.000000,
               0.372085,-0.928010, 0.018710, 0.000000,
               0.000001,32.684059,-0.000000, 1.000000;;
            }
            Frame Armature_mixamorig_RightToeBase {
              FrameTransformMatrix {
                 0.998327, 0.050332, 0.028444, 0.000000,
                -0.051799, 0.560235, 0.826712, 0.000000,
                 0.025675,-0.826803, 0.561905, 0.000000,
                -0.000004,27.100008,-0.000004, 1.000000;;
              }
              Frame Armature_mixamorig_RightToe_End {
                FrameTransformMatrix {
                   1.000000,-0.000000,-0.000000, 0.000000,
                   0.000000, 1.000000, 0.000000, 0.000000,
                  -0.000000,-0.000000, 1.000000, 0.000000,
                   0.000002,16.631945, 0.000000, 1.000000;;
                }
              } // End of Armature_mixamorig_RightToe_End
            } // End of Armature_mixamorig_RightToeBase
          } // End of Armature_mixamorig_RightFoot
        } // End of Armature_mixamorig_RightLeg
      } // End of Armature_mixamorig_RightUpLeg
      Frame Armature_mixamorig_Spine {
        FrameTransformMatrix {
           0.997908,-0.031285,-0.056579, 0.000000,
           0.043098, 0.974223, 0.221433, 0.000000,
           0.048193,-0.223408, 0.973533, 0.000000,
           0.000000,13.784797, 0.064399, 1.000000;;
        }
        Frame Armature_mixamorig_Spine1 {
          FrameTransformMatrix {
             0.992503,-0.067487,-0.101903, 0.000000,
             0.076680, 0.993061, 0.089167, 0.000000,
             0.095178,-0.096312, 0.990790, 0.000000,
             0.000000,12.024301, 0.000005, 1.000000;;
          }
          Frame Armature_mixamorig_Spine2 {
            FrameTransformMatrix {
               0.992503,-0.066464,-0.102573, 0.000000,
               0.052817, 0.990047,-0.130453, 0.000000,
               0.110223, 0.124057, 0.986134, 0.000000,
               0.000002,17.815796, 0.000004, 1.000000;;
            }
            Frame Armature_mixamorig_LeftShoulder {
              FrameTransformMatrix {
                 0.363363,-0.008098,-0.931613, 0.000000,
                 0.901953, 0.253508, 0.349592, 0.000000,
                 0.233340,-0.967300, 0.099419, 0.000000,
                17.399498,24.614218, 1.157893, 1.000000;;
              }
              Frame Armature_mixamorig_LeftArm {
                FrameTransformMatrix {
                   0.969624,-0.180029, 0.165583, 0.000000,
                  -0.062514, 0.472079, 0.879337, 0.000000,
                  -0.236475,-0.862978, 0.446485, 0.000000,
                  -0.000000,19.910402, 0.000022, 1.000000;;
                }
                Frame Armature_mixamorig_LeftForeArm {
                  FrameTransformMatrix {
                     0.829686, 0.435015, 0.349831, 0.000000,
                    -0.491813, 0.866096, 0.089431, 0.000000,
                    -0.264084,-0.246251, 0.932534, 0.000000,
                     0.000010,49.301285,-0.000011, 1.000000;;
                  }
                  Frame Armature_mixamorig_LeftHand {
                    FrameTransformMatrix {
                       0.998030, 0.044431,-0.044302, 0.000000,
                      -0.049383, 0.991811,-0.117783, 0.000000,
                       0.038706, 0.119739, 0.992051, 0.000000,
                      -0.000004,31.604712, 0.000002, 1.000000;;
                    }
                    Frame Armature_mixamorig_LeftHandIndex1 {
                      FrameTransformMatrix {
                         0.994779, 0.099780, 0.021438, 0.000000,
                        -0.099834, 0.995003, 0.001482, 0.000000,
                        -0.021183,-0.003614, 0.999769, 0.000000,
                        -6.192907,21.271093, 0.498709, 1.000000;;
                      }
                      Frame Armature_mixamorig_LeftHandIndex2 {
                        FrameTransformMatrix {
                           0.999991, 0.003514,-0.002335, 0.000000,
                          -0.003315, 0.996770, 0.080241, 0.000000,
                           0.002609,-0.080232, 0.996773, 0.000000,
                          -0.000002, 7.536504,-0.000002, 1.000000;;
                        }
                        Frame Armature_mixamorig_LeftHandIndex3 {
                          FrameTransformMatrix {
                             0.999968, 0.007937,-0.001031, 0.000000,
                            -0.007732, 0.991258, 0.131707, 0.000000,
                             0.002068,-0.131695, 0.991288, 0.000000,
                             0.000000, 7.512290,-0.000004, 1.000000;;
                          }
                          Frame Armature_mixamorig_LeftHandIndex4 {
                            FrameTransformMatrix {
                               1.000000,-0.000000,-0.000000, 0.000000,
                              -0.000000, 1.000000, 0.000000, 0.000000,
                              -0.000000, 0.000000, 1.000000, 0.000000,
                               0.000004,10.212402, 0.000002, 1.000000;;
                            }
                          } // End of Armature_mixamorig_LeftHandIndex4
                        } // End of Armature_mixamorig_LeftHandIndex3
                      } // End of Armature_mixamorig_LeftHandIndex2
                    } // End of Armature_mixamorig_LeftHandIndex1
                    Frame Armature_mixamorig_LeftHandMiddle1 {
                      FrameTransformMatrix {
                         0.996090,-0.082023,-0.032818, 0.000000,
                         0.084367, 0.993387, 0.077882, 0.000000,
                         0.026213,-0.080346, 0.996422, 0.000000,
                         0.016495,23.334383, 0.008608, 1.000000;;
                      }
                      Frame Armature_mixamorig_LeftHandMiddle2 {
                        FrameTransformMatrix {
                           0.999807, 0.017805,-0.008298, 0.000000,
                          -0.015484, 0.974272, 0.224843, 0.000000,
                           0.012088,-0.224671, 0.974360, 0.000000,
                          -0.000006, 6.996595,-0.000002, 1.000000;;
                        }
                        Frame Armature_mixamorig_LeftHandMiddle3 {
                          FrameTransformMatrix {
                             0.999659, 0.023697,-0.010995, 0.000000,
                            -0.019581, 0.958287, 0.285136, 0.000000,
                             0.017293,-0.284823, 0.958424, 0.000000,
                             0.000002, 7.016004, 0.000004, 1.000000;;
                          }
                          Frame Armature_mixamorig_LeftHandMiddle4 {
                            FrameTransformMatrix {
                               1.000000,-0.000000,-0.000000, 0.000000,
                              -0.000000, 1.000000,-0.000000, 0.000000,
                               0.000000,-0.000000, 1.000000, 0.000000,
                               0.000011, 7.721606, 0.000005, 1.000000;;
                            }
                          } // End of Armature_mixamorig_LeftHandMiddle4
                        } // End of Armature_mixamorig_LeftHandMiddle3
                      } // End of Armature_mixamorig_LeftHandMiddle2
                    } // End of Armature_mixamorig_LeftHandMiddle1
                    Frame Armature_mixamorig_LeftHandPinky1 {
                      FrameTransformMatrix {
                         0.993296,-0.110223,-0.034855, 0.000000,
                         0.115204, 0.918821, 0.377487, 0.000000,
                        -0.009583,-0.378972, 0.925359, 0.000000,
                        11.443203,18.881189, 0.461813, 1.000000;;
                      }
                      Frame Armature_mixamorig_LeftHandPinky2 {
                        FrameTransformMatrix {
                           0.999891, 0.003910, 0.014265, 0.000000,
                          -0.007854, 0.957582, 0.288052, 0.000000,
                          -0.012534,-0.288132, 0.957509, 0.000000,
                          -0.000002, 4.919598,-0.000005, 1.000000;;
                        }
                        Frame Armature_mixamorig_LeftHandPinky3 {
                          FrameTransformMatrix {
                             0.999236, 0.000197, 0.039077, 0.000000,
                            -0.022393, 0.822404, 0.568463, 0.000000,
                            -0.032025,-0.568904, 0.821780, 0.000000,
                            -0.000008, 5.232994, 0.000007, 1.000000;;
                          }
                          Frame Armature_mixamorig_LeftHandPinky4 {
                            FrameTransformMatrix {
                               1.000000, 0.000000, 0.000000, 0.000000,
                               0.000000, 1.000000, 0.000000, 0.000000,
                              -0.000000,-0.000000, 1.000000, 0.000000,
                               0.000002, 5.571703,-0.000001, 1.000000;;
                            }
                          } // End of Armature_mixamorig_LeftHandPinky4
                        } // End of Armature_mixamorig_LeftHandPinky3
                      } // End of Armature_mixamorig_LeftHandPinky2
                    } // End of Armature_mixamorig_LeftHandPinky1
                    Frame Armature_mixamorig_LeftHandRing1 {
                      FrameTransformMatrix {
                         0.988958,-0.138658,-0.052308, 0.000000,
                         0.147170, 0.960363, 0.236738, 0.000000,
                         0.017410,-0.241822, 0.970164, 0.000000,
                         6.516899,22.686592, 0.103603, 1.000000;;
                      }
                      Frame Armature_mixamorig_LeftHandRing2 {
                        FrameTransformMatrix {
                           0.999872, 0.010142, 0.012400, 0.000000,
                          -0.013611, 0.946063, 0.323696, 0.000000,
                          -0.008448,-0.323823, 0.946080, 0.000000,
                          -0.000002, 6.408597, 0.000015, 1.000000;;
                        }
                        Frame Armature_mixamorig_LeftHandRing3 {
                          FrameTransformMatrix {
                             0.999838, 0.012651, 0.012764, 0.000000,
                            -0.016518, 0.926732, 0.375361, 0.000000,
                            -0.007080,-0.375512, 0.926791, 0.000000,
                            -0.000002, 6.150298,-0.000004, 1.000000;;
                          }
                          Frame Armature_mixamorig_LeftHandRing4 {
                            FrameTransformMatrix {
                               1.000000,-0.000000, 0.000000, 0.000000,
                               0.000000, 1.000000,-0.000000, 0.000000,
                              -0.000000,-0.000000, 1.000000, 0.000000,
                              -0.000002, 6.145398, 0.000005, 1.000000;;
                            }
                          } // End of Armature_mixamorig_LeftHandRing4
                        } // End of Armature_mixamorig_LeftHandRing3
                      } // End of Armature_mixamorig_LeftHandRing2
                    } // End of Armature_mixamorig_LeftHandRing1
                    Frame Armature_mixamorig_LeftHandThumb1 {
                      FrameTransformMatrix {
                         0.683508, 0.626242,-0.375017, 0.000000,
                        -0.470659, 0.770806, 0.429346, 0.000000,
                         0.557939,-0.116956, 0.821599, 0.000000,
                        -7.059608, 6.094492, 4.397209, 1.000000;;
                      }
                      Frame Armature_mixamorig_LeftHandThumb2 {
                        FrameTransformMatrix {
                           0.976179,-0.133565, 0.170985, 0.000000,
                           0.113070, 0.985757, 0.124496, 0.000000,
                          -0.185178,-0.102197, 0.977377, 0.000000,
                           0.000001, 7.536500,-0.000005, 1.000000;;
                        }
                        Frame Armature_mixamorig_LeftHandThumb3 {
                          FrameTransformMatrix {
                             0.985914,-0.166849,-0.011643, 0.000000,
                             0.167247, 0.984156, 0.058869, 0.000000,
                             0.001637,-0.059987, 0.998198, 0.000000,
                            -0.000004, 7.512299,-0.000012, 1.000000;;
                          }
                          Frame Armature_mixamorig_LeftHandThumb4 {
                            FrameTransformMatrix {
                               1.000000,-0.000000, 0.000000, 0.000000,
                               0.000000, 1.000000, 0.000000, 0.000000,
                              -0.000000,-0.000000, 1.000000, 0.000000,
                               0.000004,10.212399, 0.000007, 1.000000;;
                            }
                          } // End of Armature_mixamorig_LeftHandThumb4
                        } // End of Armature_mixamorig_LeftHandThumb3
                      } // End of Armature_mixamorig_LeftHandThumb2
                    } // End of Armature_mixamorig_LeftHandThumb1
                  } // End of Armature_mixamorig_LeftHand
                } // End of Armature_mixamorig_LeftForeArm
              } // End of Armature_mixamorig_LeftArm
            } // End of Armature_mixamorig_LeftShoulder
            Frame Armature_mixamorig_Neck {
              FrameTransformMatrix {
                 0.986666, 0.001955,-0.162747, 0.000000,
                 0.004569, 0.999201, 0.039704, 0.000000,
                 0.162694,-0.039919, 0.985869, 0.000000,
                -0.000001,39.117607,11.976995, 1.000000;;
              }
              Frame Armature_mixamorig_Head {
                FrameTransformMatrix {
                   0.917659,-0.089682,-0.387116, 0.000000,
                   0.056502, 0.993749,-0.096281, 0.000000,
                   0.393331, 0.066481, 0.916990, 0.000000,
                  -0.000000,14.552498,15.664110, 1.000000;;
                }
                Frame Armature_mixamorig_HeadTop_End {
                  FrameTransformMatrix {
                     1.000000, 0.000000,-0.000000, 0.000000,
                     0.000000, 1.000000,-0.000000, 0.000000,
                    -0.000000,-0.000000, 1.000000, 0.000000,
                     0.000001,15.601685, 7.553703, 1.000000;;
                  }
                } // End of Armature_mixamorig_HeadTop_End
                Frame Armature_mixamorig_Jaw {
                  FrameTransformMatrix {
                     1.000000, 0.000000,-0.000000, 0.000000,
                    -0.000000,-0.587429, 0.809276, 0.000000,
                    -0.000000,-0.809276,-0.587429, 0.000000,
                    -0.000003,-2.317811, 3.620700, 1.000000;;
                  }
                } // End of Armature_mixamorig_Jaw
                Frame Armature_mixamorig_LeftEye {
                  FrameTransformMatrix {
                     1.000000, 0.000000,-0.000000, 0.000000,
                     0.000000, 1.000000,-0.000000, 0.000000,
                    -0.000000,-0.000000, 1.000000, 0.000000,
                     3.528701, 2.462090,12.838202, 1.000000;;
                  }
                } // End of Armature_mixamorig_LeftEye
                Frame Armature_mixamorig_RightEye {
                  FrameTransformMatrix {
                     1.000000, 0.000000,-0.000000, 0.000000,
                     0.000000, 1.000000,-0.000000, 0.000000,
                    -0.000000,-0.000000, 1.000000, 0.000000,
                    -3.528699, 2.462084,12.838206, 1.000000;;
                  }
                } // End of Armature_mixamorig_RightEye
              } // End of Armature_mixamorig_Head
            } // End of Armature_mixamorig_Neck
            Frame Armature_mixamorig_RightShoulder {
              FrameTransformMatrix {
                 0.491397, 0.052550, 0.869349, 0.000000,
                -0.836437, 0.306632, 0.454258, 0.000000,
                -0.242699,-0.950376, 0.194633, 0.000000,
                -17.399500,24.614317, 1.157892, 1.000000;;
              }
              Frame Armature_mixamorig_RightArm {
                FrameTransformMatrix {
                   0.765130, 0.590416, 0.256874, 0.000000,
                  -0.416378, 0.149403, 0.896832, 0.000000,
                   0.491127,-0.793150, 0.360149, 0.000000,
                   0.000000,19.910400,-0.000009, 1.000000;;
                }
                Frame Armature_mixamorig_RightArmour1 {
                  FrameTransformMatrix {
                    -0.000000,-1.000000,-0.000001, 0.000000,
                    -0.000000, 0.000001,-1.000000, 0.000000,
                     1.000000,-0.000000,-0.000000, 0.000000,
                    -1.467308, 5.012917,-18.471130, 1.000000;;
                  }
                  Frame Armature_mixamorig_RightArmour2 {
                    FrameTransformMatrix {
                      -0.915901, 0.232054,-0.327534, 0.000000,
                      -0.183487,-0.967759,-0.172553, 0.000000,
                      -0.357018,-0.097943, 0.928950, 0.000000,
                       3.884913,-9.462708,-18.584896, 1.000000;;
                    }
                    Frame Armature_mixamorig_RightArmour3 {
                      FrameTransformMatrix {
                         1.000000, 0.000000, 0.000000, 0.000000,
                        -0.000000, 1.000000, 0.000000, 0.000000,
                        -0.000000,-0.000000, 1.000000, 0.000000,
                         0.000005,11.039497, 0.000005, 1.000000;;
                      }
                    } // End of Armature_mixamorig_RightArmour3
                  } // End of Armature_mixamorig_RightArmour2
                  Frame Armature_mixamorig_RightArmour4 {
                    FrameTransformMatrix {
                       0.708033,-0.251874, 0.659734, 0.000000,
                      -0.431906,-0.893578, 0.122374, 0.000000,
                       0.558701,-0.371588,-0.741469, 0.000000,
                      -2.648903,-11.494603,22.195305, 1.000000;;
                    }
                    Frame Armature_mixamorig_RightArmour5 {
                      FrameTransformMatrix {
                         1.000000, 0.000000, 0.000000, 0.000000,
                        -0.000000, 1.000000, 0.000000, 0.000000,
                        -0.000000,-0.000000, 1.000000, 0.000000,
                         0.000001,11.039515, 0.000002, 1.000000;;
                      }
                    } // End of Armature_mixamorig_RightArmour5
                  } // End of Armature_mixamorig_RightArmour4
                } // End of Armature_mixamorig_RightArmour1
                Frame Armature_mixamorig_RightForeArm {
                  FrameTransformMatrix {
                     0.661911,-0.705052,-0.254510, 0.000000,
                     0.741067, 0.666550, 0.080815, 0.000000,
                     0.112665,-0.242101, 0.963688, 0.000000,
                     0.000001,49.301300, 0.000019, 1.000000;;
                  }
                  Frame Armature_mixamorig_RightHand {
                    FrameTransformMatrix {
                       0.812545,-0.582898,-0.000536, 0.000000,
                       0.578098, 0.805735, 0.128820, 0.000000,
                      -0.074658,-0.104982, 0.991668, 0.000000,
                       0.000001,31.604998, 0.000000, 1.000000;;
                    }
                    Frame Armature_mixamorig_RightHandIndex1 {
                      FrameTransformMatrix {
                         0.986440,-0.131813, 0.097783, 0.000000,
                         0.045762, 0.793065, 0.607415, 0.000000,
                        -0.157614,-0.594704, 0.788343, 0.000000,
                         6.192904,21.270990, 0.498997, 1.000000;;
                      }
                      Frame Armature_mixamorig_RightHandIndex2 {
                        FrameTransformMatrix {
                           0.997564,-0.067446, 0.017781, 0.000000,
                           0.007651, 0.359191, 0.933233, 0.000000,
                          -0.069330,-0.930824, 0.358832, 0.000000,
                          -0.000002, 7.535997,-0.000012, 1.000000;;
                        }
                        Frame Armature_mixamorig_RightHandIndex3 {
                          FrameTransformMatrix {
                             0.998534,-0.053497, 0.008280, 0.000000,
                             0.017619, 0.465791, 0.884719, 0.000000,
                            -0.051187,-0.883276, 0.466051, 0.000000,
                             0.000002, 7.513001, 0.000007, 1.000000;;
                          }
                          Frame Armature_mixamorig_RightHandIndex4 {
                            FrameTransformMatrix {
                               1.000000, 0.000000, 0.000000, 0.000000,
                               0.000000, 1.000000,-0.000000, 0.000000,
                               0.000000, 0.000000, 1.000000, 0.000000,
                              -0.000004,10.211992,-0.000005, 1.000000;;
                            }
                          } // End of Armature_mixamorig_RightHandIndex4
                        } // End of Armature_mixamorig_RightHandIndex3
                      } // End of Armature_mixamorig_RightHandIndex2
                    } // End of Armature_mixamorig_RightHandIndex1
                    Frame Armature_mixamorig_RightHandMiddle1 {
                      FrameTransformMatrix {
                         0.999460,-0.032771,-0.002439, 0.000000,
                         0.024890, 0.706459, 0.707316, 0.000000,
                        -0.021456,-0.706994, 0.706894, 0.000000,
                        -0.016499,23.333992, 0.008989, 1.000000;;
                      }
                      Frame Armature_mixamorig_RightHandMiddle2 {
                        FrameTransformMatrix {
                           0.998176,-0.056647,-0.020874, 0.000000,
                           0.040275, 0.367263, 0.929245, 0.000000,
                          -0.044972,-0.928391, 0.368874, 0.000000,
                          -0.000002, 6.996995, 0.000007, 1.000000;;
                        }
                        Frame Armature_mixamorig_RightHandMiddle3 {
                          FrameTransformMatrix {
                             0.999345,-0.032175,-0.016531, 0.000000,
                             0.035114, 0.753099, 0.656969, 0.000000,
                            -0.008688,-0.657120, 0.753736, 0.000000,
                            -0.000002, 7.015997,-0.000001, 1.000000;;
                          }
                          Frame Armature_mixamorig_RightHandMiddle4 {
                            FrameTransformMatrix {
                               1.000000,-0.000000, 0.000000, 0.000000,
                              -0.000000, 1.000000, 0.000000, 0.000000,
                              -0.000000,-0.000000, 1.000000, 0.000000,
                              -0.000001, 7.720996,-0.000002, 1.000000;;
                            }
                          } // End of Armature_mixamorig_RightHandMiddle4
                        } // End of Armature_mixamorig_RightHandMiddle3
                      } // End of Armature_mixamorig_RightHandMiddle2
                    } // End of Armature_mixamorig_RightHandMiddle1
                    Frame Armature_mixamorig_RightHandPinky1 {
                      FrameTransformMatrix {
                         0.977558, 0.163083,-0.133360, 0.000000,
                        -0.010295, 0.669261, 0.742956, 0.000000,
                         0.210416,-0.724910, 0.655920, 0.000000,
                        -11.443203,18.881002, 0.461996, 1.000000;;
                      }
                      Frame Armature_mixamorig_RightHandPinky2 {
                        FrameTransformMatrix {
                           0.999578,-0.027475,-0.009418, 0.000000,
                           0.025954, 0.699403, 0.714256, 0.000000,
                          -0.013037,-0.714199, 0.699821, 0.000000,
                          -0.000004, 4.920004,-0.000007, 1.000000;;
                        }
                        Frame Armature_mixamorig_RightHandPinky3 {
                          FrameTransformMatrix {
                             0.999857,-0.014360,-0.008944, 0.000000,
                             0.016794, 0.906317, 0.422264, 0.000000,
                             0.002042,-0.422354, 0.906429, 0.000000,
                            -0.000003, 5.233010,-0.000002, 1.000000;;
                          }
                          Frame Armature_mixamorig_RightHandPinky4 {
                            FrameTransformMatrix {
                               1.000000,-0.000000,-0.000000, 0.000000,
                              -0.000000, 1.000000, 0.000000, 0.000000,
                               0.000000, 0.000000, 1.000000, 0.000000,
                               0.000005, 5.570988,-0.000003, 1.000000;;
                            }
                          } // End of Armature_mixamorig_RightHandPinky4
                        } // End of Armature_mixamorig_RightHandPinky3
                      } // End of Armature_mixamorig_RightHandPinky2
                    } // End of Armature_mixamorig_RightHandPinky1
                    Frame Armature_mixamorig_RightHandRing1 {
                      FrameTransformMatrix {
                         0.995446,-0.021176,-0.092946, 0.000000,
                         0.090298, 0.521986, 0.848160, 0.000000,
                         0.030556,-0.852691, 0.521522, 0.000000,
                        -6.516902,22.686003, 0.103987, 1.000000;;
                      }
                      Frame Armature_mixamorig_RightHandRing2 {
                        FrameTransformMatrix {
                           0.999471,-0.029696,-0.013265, 0.000000,
                           0.029728, 0.668701, 0.742937, 0.000000,
                          -0.013192,-0.742938, 0.669230, 0.000000,
                          -0.000002, 6.408990,-0.000008, 1.000000;;
                        }
                        Frame Armature_mixamorig_RightHandRing3 {
                          FrameTransformMatrix {
                             0.999357,-0.032764,-0.014568, 0.000000,
                             0.031153, 0.592178, 0.805205, 0.000000,
                            -0.017755,-0.805141, 0.592818, 0.000000,
                             0.000003, 6.149995,-0.000000, 1.000000;;
                          }
                          Frame Armature_mixamorig_RightHandRing4 {
                            FrameTransformMatrix {
                               1.000000, 0.000000,-0.000000, 0.000000,
                              -0.000000, 1.000000, 0.000000, 0.000000,
                               0.000000, 0.000000, 1.000000, 0.000000,
                               0.000001, 6.146001, 0.000003, 1.000000;;
                            }
                          } // End of Armature_mixamorig_RightHandRing4
                        } // End of Armature_mixamorig_RightHandRing3
                      } // End of Armature_mixamorig_RightHandRing2
                    } // End of Armature_mixamorig_RightHandRing1
                    Frame Armature_mixamorig_RightHandThumb1 {
                      FrameTransformMatrix {
                         0.168339,-0.684815, 0.709007, 0.000000,
                         0.401680, 0.704501, 0.585091, 0.000000,
                        -0.900175, 0.186300, 0.393672, 0.000000,
                         7.059702, 6.093996, 4.396991, 1.000000;;
                      }
                      Frame Armature_mixamorig_RightHandThumb2 {
                        FrameTransformMatrix {
                           0.966629, 0.187960,-0.174070, 0.000000,
                          -0.168973, 0.978501, 0.118256, 0.000000,
                           0.192555,-0.084896, 0.977607, 0.000000,
                           0.000008, 7.536305, 0.000012, 1.000000;;
                        }
                        Frame Armature_mixamorig_RightHandThumb3 {
                          FrameTransformMatrix {
                             0.834138, 0.548764, 0.055426, 0.000000,
                            -0.546705, 0.809318, 0.214751, 0.000000,
                             0.072990,-0.209434, 0.975095, 0.000000,
                            -0.000001, 7.512698, 0.000015, 1.000000;;
                          }
                          Frame Armature_mixamorig_RightHandThumb4 {
                            FrameTransformMatrix {
                               1.000000,-0.000001, 0.000002, 0.000000,
                               0.000001, 1.000000, 0.000001, 0.000000,
                              -0.000002,-0.000001, 1.000000, 0.000000,
                              -0.000002,10.212725,-0.000010, 1.000000;;
                            }
                          } // End of Armature_mixamorig_RightHandThumb4
                        } // End of Armature_mixamorig_RightHandThumb3
                      } // End of Armature_mixamorig_RightHandThumb2
                    } // End of Armature_mixamorig_RightHandThumb1
                  } // End of Armature_mixamorig_RightHand
                } // End of Armature_mixamorig_RightForeArm
              } // End of Armature_mixamorig_RightArm
            } // End of Armature_mixamorig_RightShoulder
          } // End of Armature_mixamorig_Spine2
        } // End of Armature_mixamorig_Spine1
      } // End of Armature_mixamorig_Spine
    } // End of Armature_mixamorig_Hips
  } // End of Armature
} // End of Root
AnimationSet Global {
  Animation {
    {Armature}
    AnimationKey { // Rotation
      0;
      63;
      0;4;-0.707107, 0.707107, 0.000000, 0.000000;;,
      1;4;-0.707107, 0.707107, 0.000000, 0.000000;;,
      2;4;-0.707107, 0.707107, 0.000000, 0.000000;;,
      3;4;-0.707107, 0.707107, 0.000000, 0.000000;;,
      4;4;-0.707107, 0.707107, 0.000000, 0.000000;;,
      5;4;-0.707107, 0.707107, 0.000000, 0.000000;;,
      6;4;-0.707107, 0.707107, 0.000000, 0.000000;;,
      7;4;-0.707107, 0.707107, 0.000000, 0.000000;;,
      8;4;-0.707107, 0.707107, 0.000000, 0.000000;;,
      9;4;-0.707107, 0.707107, 0.000000, 0.000000;;,
      10;4;-0.707107, 0.707107, 0.000000, 0.000000;;,
      11;4;-0.707107, 0.707107, 0.000000, 0.000000;;,
      12;4;-0.707107, 0.707107, 0.000000, 0.000000;;,
      13;4;-0.707107, 0.707107, 0.000000, 0.000000;;,
      14;4;-0.707107, 0.707107, 0.000000, 0.000000;;,
      15;4;-0.707107, 0.707107, 0.000000, 0.000000;;,
      16;4;-0.707107, 0.707107, 0.000000, 0.000000;;,
      17;4;-0.707107, 0.707107, 0.000000, 0.000000;;,
      18;4;-0.707107, 0.707107, 0.000000, 0.000000;;,
      19;4;-0.707107, 0.707107, 0.000000, 0.000000;;,
      20;4;-0.707107, 0.707107, 0.000000, 0.000000;;,
      21;4;-0.707107, 0.707107, 0.000000, 0.000000;;,
      22;4;-0.707107, 0.707107, 0.000000, 0.000000;;,
      23;4;-0.707107, 0.707107, 0.000000, 0.000000;;,
      24;4;-0.707107, 0.707107, 0.000000, 0.000000;;,
      25;4;-0.707107, 0.707107, 0.000000, 0.000000;;,
      26;4;-0.707107, 0.707107, 0.000000, 0.000000;;,
      27;4;-0.707107, 0.707107, 0.000000, 0.000000;;,
      28;4;-0.707107, 0.707107, 0.000000, 0.000000;;,
      29;4;-0.707107, 0.707107, 0.000000, 0.000000;;,
      30;4;-0.707107, 0.707107, 0.000000, 0.000000;;,
      31;4;-0.707107, 0.707107, 0.000000, 0.000000;;,
      32;4;-0.707107, 0.707107, 0.000000, 0.000000;;,
      33;4;-0.707107, 0.707107, 0.000000, 0.000000;;,
      34;4;-0.707107, 0.707107, 0.000000, 0.000000;;,
      35;4;-0.707107, 0.707107, 0.000000, 0.000000;;,
      36;4;-0.707107, 0.707107, 0.000000, 0.000000;;,
      37;4;-0.707107, 0.707107, 0.000000, 0.000000;;,
      38;4;-0.707107, 0.707107, 0.000000, 0.000000;;,
      39;4;-0.707107, 0.707107, 0.000000, 0.000000;;,
      40;4;-0.707107, 0.707107, 0.000000, 0.000000;;,
      41;4;-0.707107, 0.707107, 0.000000, 0.000000;;,
      42;4;-0.707107, 0.707107, 0.000000, 0.000000;;,
      43;4;-0.707107, 0.707107, 0.000000, 0.000000;;,
      44;4;-0.707107, 0.707107, 0.000000, 0.000000;;,
      45;4;-0.707107, 0.707107, 0.000000, 0.000000;;,
      46;4;-0.707107, 0.707107, 0.000000, 0.000000;;,
      47;4;-0.707107, 0.707107, 0.000000, 0.000000;;,
      48;4;-0.707107, 0.707107, 0.000000, 0.000000;;,
      49;4;-0.707107, 0.707107, 0.000000, 0.000000;;,
      50;4;-0.707107, 0.707107, 0.000000, 0.000000;;,
      51;4;-0.707107, 0.707107, 0.000000, 0.000000;;,
      52;4;-0.707107, 0.707107, 0.000000, 0.000000;;,
      53;4;-0.707107, 0.707107, 0.000000, 0.000000;;,
      54;4;-0.707107, 0.707107, 0.000000, 0.000000;;,
      55;4;-0.707107, 0.707107, 0.000000, 0.000000;;,
      56;4;-0.707107, 0.707107, 0.000000, 0.000000;;,
      57;4;-0.707107, 0.707107, 0.000000, 0.000000;;,
      58;4;-0.707107, 0.707107, 0.000000, 0.000000;;,
      59;4;-0.707107, 0.707107, 0.000000, 0.000000;;,
      60;4;-0.707107, 0.707107, 0.000000, 0.000000;;,
      61;4;-0.707107, 0.707107, 0.000000, 0.000000;;,
      62;4;-0.707107, 0.707107, 0.000000, 0.000000;;;
    }
    AnimationKey { // Scale
      1;
      63;
      0;3; 0.100000, 0.100000, 0.100000;;,
      1;3; 0.100000, 0.100000, 0.100000;;,
      2;3; 0.100000, 0.100000, 0.100000;;,
      3;3; 0.100000, 0.100000, 0.100000;;,
      4;3; 0.100000, 0.100000, 0.100000;;,
      5;3; 0.100000, 0.100000, 0.100000;;,
      6;3; 0.100000, 0.100000, 0.100000;;,
      7;3; 0.100000, 0.100000, 0.100000;;,
      8;3; 0.100000, 0.100000, 0.100000;;,
      9;3; 0.100000, 0.100000, 0.100000;;,
      10;3; 0.100000, 0.100000, 0.100000;;,
      11;3; 0.100000, 0.100000, 0.100000;;,
      12;3; 0.100000, 0.100000, 0.100000;;,
      13;3; 0.100000, 0.100000, 0.100000;;,
      14;3; 0.100000, 0.100000, 0.100000;;,
      15;3; 0.100000, 0.100000, 0.100000;;,
      16;3; 0.100000, 0.100000, 0.100000;;,
