xof 0303txt 0032

template XSkinMeshHeader {
  <3cf169ce-ff7c-44ab-93c0-f78f62d172e2>
  WORD nMaxSkinWeightsPerVertex;
  WORD nMaxSkinWeightsPerFace;
  WORD nBones;
}

template SkinWeights {
  <6f0d123b-bad2-4167-a0d0-80224f25fabb>
  STRING transformNodeName;
  DWORD nWeights;
  array DWORD vertexIndices[nWeights];
  array float weights[nWeights];
  Matrix4x4 matrixOffset;
}

Frame Root {
  FrameTransformMatrix {
     1.000000, 0.000000, 0.000000, 0.000000,
     0.000000,-0.000000,-1.000000, 0.000000,
     0.000000, 1.000000,-0.000000, 0.000000,
     0.000000, 0.000000, 0.000000, 1.000000;;
  }
  Frame Armature {
    FrameTransformMatrix {
       0.100000, 0.000000, 0.000000, 0.000000,
       0.000000,-0.000000, 0.100000, 0.000000,
       0.000000,-0.100000,-0.000000, 0.000000,
       0.000000, 0.000000, 0.000000, 1.000000;;
    }
    Frame Armature_mixamorig_Hips {
      FrameTransformMatrix {
         0.979352, 0.020084, 0.201162, 0.000000,
        -0.086843, 0.940361, 0.328906, 0.000000,
        -0.182559,-0.339584, 0.922689, 0.000000,
         0.075685,76.556389,-0.189475, 1.000000;;
      }
      Frame Armature_mixamorig_BackCloth1 {
        FrameTransformMatrix {
          -0.000002,-1.000000, 0.000000, 0.000000,
           1.000000,-0.000002, 0.000000, 0.000000,
          -0.000000,-0.000000, 1.000000, 0.000000,
           0.000000,-5.419202,-29.327000, 1.000000;;
        }
        Frame Armature_mixamorig_BackCloth2 {
          FrameTransformMatrix {
             1.000000,-0.000000,-0.000000, 0.000000,
             0.000000, 1.000000, 0.000000, 0.000000,
             0.000000, 0.000000, 1.000000, 0.000000,
            15.308598, 0.000001, 0.000000, 1.000000;;
          }
          Frame Armature_mixamorig_BackCloth3 {
            FrameTransformMatrix {
               1.000000,-0.000000,-0.000000, 0.000000,
               0.000000, 1.000000, 0.000000, 0.000000,
               0.000000, 0.000000, 1.000000, 0.000000,
              17.777096, 0.000002,-0.000001, 1.000000;;
            }
            Frame Armature_mixamorig_BackCloth4 {
              FrameTransformMatrix {
                 1.000000,-0.000000,-0.000000, 0.000000,
                 0.000000, 1.000000, 0.000000, 0.000000,
                 0.000000, 0.000000, 1.000000, 0.000000,
                15.545394, 0.000002,-0.000003, 1.000000;;
              }
            } // End of Armature_mixamorig_BackCloth4
          } // End of Armature_mixamorig_BackCloth3
        } // End of Armature_mixamorig_BackCloth2
      } // End of Armature_mixamorig_BackCloth1
      Frame Armature_mixamorig_FrontCloth1 {
        FrameTransformMatrix {
           1.000000,-0.000002,-0.000000, 0.000000,
          -0.000002,-1.000000,-0.000000, 0.000000,
          -0.000000, 0.000000,-1.000000, 0.000000,
           0.000000,-19.940708,22.170202, 1.000000;;
        }
        Frame Armature_mixamorig_FrontCloth2 {
          FrameTransformMatrix {
            -1.000000,-0.000000, 0.000000, 0.000000,
             0.000000, 1.000000, 0.000000, 0.000000,
            -0.000000, 0.000000,-1.000000, 0.000000,
            -0.000000,10.763301,-0.000001, 1.000000;;
          }
          Frame Armature_mixamorig_FrontCloth3 {
            FrameTransformMatrix {
              -1.000000,-0.000000,-0.000000, 0.000000,
              -0.000000, 1.000000,-0.000000, 0.000000,
               0.000000,-0.000000,-1.000000, 0.000000,
               0.000000,13.749504, 0.000000, 1.000000;;
            }
            Frame Armature_mixamorig_FrontCloth4 {
              FrameTransformMatrix {
                 1.000000, 0.000000,-0.000000, 0.000000,
                 0.000000, 1.000000,-0.000000, 0.000000,
                 0.000000, 0.000000, 1.000000, 0.000000,
                 0.000000,14.182597, 0.000001, 1.000000;;
              }
            } // End of Armature_mixamorig_FrontCloth4
          } // End of Armature_mixamorig_FrontCloth3
        } // End of Armature_mixamorig_FrontCloth2
      } // End of Armature_mixamorig_FrontCloth1
      Frame Armature_mixamorig_LeftUpLeg {
        FrameTransformMatrix {
          -0.971789, 0.192824, 0.135816, 0.000000,
           0.101088,-0.179749, 0.978505, 0.000000,
           0.213092, 0.964629, 0.155186, 0.000000,
          19.899096,-7.885098,-3.429502, 1.000000;;
        }
        Frame Armature_mixamorig_LeftLeg {
          FrameTransformMatrix {
             0.995287, 0.015582,-0.095710, 0.000000,
            -0.039795,-0.834432,-0.549673, 0.000000,
            -0.088429, 0.550891,-0.829879, 0.000000,
            -0.000000,38.282917, 0.000003, 1.000000;;
          }
          Frame Armature_mixamorig_LeftFoot {
            FrameTransformMatrix {
               0.944925, 0.290835, 0.150107, 0.000000,
              -0.241728, 0.310976, 0.919163, 0.000000,
               0.220645,-0.904826, 0.364152, 0.000000,
               0.000001,32.683987, 0.000002, 1.000000;;
            }
            Frame Armature_mixamorig_LeftToeBase {
              FrameTransformMatrix {
                 0.987929,-0.047408, 0.147474, 0.000000,
                -0.095673, 0.562008, 0.821580, 0.000000,
                -0.121831,-0.825772, 0.550688, 0.000000,
                 0.000002,27.100002, 0.000001, 1.000000;;
              }
              Frame Armature_mixamorig_LeftToe_End {
                FrameTransformMatrix {
                   1.000000, 0.000000,-0.000000, 0.000000,
                  -0.000000, 1.000000, 0.000000, 0.000000,
                   0.000000, 0.000000, 1.000000, 0.000000,
                  -0.000002,16.631994,-0.000000, 1.000000;;
                }
              } // End of Armature_mixamorig_LeftToe_End
            } // End of Armature_mixamorig_LeftToeBase
          } // End of Armature_mixamorig_LeftFoot
        } // End of Armature_mixamorig_LeftLeg
      } // End of Armature_mixamorig_LeftUpLeg
      Frame Armature_mixamorig_RightUpLeg {
        FrameTransformMatrix {
          -0.991603, 0.127566,-0.021227, 0.000000,
          -0.118244,-0.827910, 0.548254, 0.000000,
           0.052365, 0.546159, 0.836040, 0.000000,
          -19.899097,-7.885003,-3.429503, 1.000000;;
        }
        Frame Armature_mixamorig_RightLeg {
          FrameTransformMatrix {
             0.986913, 0.093481, 0.131393, 0.000000,
             0.127180, 0.049714,-0.990633, 0.000000,
            -0.099137, 0.994379, 0.037175, 0.000000,
            -0.000002,38.282906,-0.000000, 1.000000;;
          }
          Frame Armature_mixamorig_RightFoot {
            FrameTransformMatrix {
               0.998762, 0.030547, 0.039251, 0.000000,
              -0.032631,-0.193145, 0.980628, 0.000000,
               0.037536,-0.980695,-0.191909, 0.000000,
               0.000001,32.684063,-0.000004, 1.000000;;
            }
            Frame Armature_mixamorig_RightToeBase {
              FrameTransformMatrix {
                 0.996958,-0.037519,-0.068316, 0.000000,
                 0.077752, 0.417956, 0.905134, 0.000000,
                -0.005407,-0.907692, 0.419602, 0.000000,
                 0.000001,27.100012,-0.000001, 1.000000;;
              }
              Frame Armature_mixamorig_RightToe_End {
                FrameTransformMatrix {
                   1.000000,-0.000000,-0.000000, 0.000000,
                   0.000000, 1.000000, 0.000000, 0.000000,
                  -0.000000,-0.000000, 1.000000, 0.000000,
                  -0.000002,16.631945, 0.000000, 1.000000;;
                }
              } // End of Armature_mixamorig_RightToe_End
            } // End of Armature_mixamorig_RightToeBase
          } // End of Armature_mixamorig_RightFoot
        } // End of Armature_mixamorig_RightLeg
      } // End of Armature_mixamorig_RightUpLeg
      Frame Armature_mixamorig_Spine {
        FrameTransformMatrix {
           0.990897,-0.030421,-0.131140, 0.000000,
           0.091898, 0.864710, 0.493794, 0.000000,
           0.098376,-0.501350, 0.859634, 0.000000,
          -0.000000,13.784796, 0.064398, 1.000000;;
        }
        Frame Armature_mixamorig_Spine1 {
          FrameTransformMatrix {
             0.999427,-0.011293,-0.031901, 0.000000,
             0.012143, 0.999573, 0.026564, 0.000000,
             0.031587,-0.026936, 0.999138, 0.000000,
            -0.000000,12.024304,-0.000005, 1.000000;;
          }
          Frame Armature_mixamorig_Spine2 {
            FrameTransformMatrix {
               0.999388,-0.012574,-0.032649, 0.000000,
               0.012962, 0.999847, 0.011710, 0.000000,
               0.032497,-0.012126, 0.999398, 0.000000,
               0.000000,17.815802, 0.000003, 1.000000;;
            }
            Frame Armature_mixamorig_LeftShoulder {
              FrameTransformMatrix {
                -0.068764, 0.082902,-0.994183, 0.000000,
                 0.997553, 0.018358,-0.067466, 0.000000,
                 0.012658,-0.996389,-0.083961, 0.000000,
                17.399496,24.614185, 1.157899, 1.000000;;
              }
              Frame Armature_mixamorig_LeftArm {
                FrameTransformMatrix {
                   0.974179, 0.126610, 0.186934, 0.000000,
                  -0.213981, 0.253660, 0.943329, 0.000000,
                   0.072017,-0.958972, 0.274202, 0.000000,
                  -0.000004,19.910400,-0.000005, 1.000000;;
                }
                Frame Armature_mixamorig_LeftForeArm {
                  FrameTransformMatrix {
                     0.555942, 0.805210, 0.206311, 0.000000,
                    -0.800451, 0.585517,-0.128253, 0.000000,
                    -0.224069,-0.093841, 0.970045, 0.000000,
                     0.000001,49.301300, 0.000001, 1.000000;;
                  }
                  Frame Armature_mixamorig_LeftHand {
                    FrameTransformMatrix {
                       0.896333, 0.442940, 0.019784, 0.000000,
                      -0.442414, 0.890538, 0.105888, 0.000000,
                       0.029283,-0.103664, 0.994181, 0.000000,
                      -0.000000,31.604710, 0.000008, 1.000000;;
                    }
                    Frame Armature_mixamorig_LeftHandIndex1 {
                      FrameTransformMatrix {
                         0.991326, 0.108189, 0.074618, 0.000000,
                        -0.131091, 0.773437, 0.620171, 0.000000,
                         0.009384,-0.624573, 0.780910, 0.000000,
                        -6.192901,21.271084, 0.498713, 1.000000;;
                      }
                      Frame Armature_mixamorig_LeftHandIndex2 {
                        FrameTransformMatrix {
                           0.997013, 0.077237, 0.000157, 0.000000,
                          -0.057362, 0.739093, 0.671156, 0.000000,
                           0.051722,-0.669160, 0.741316, 0.000000,
                          -0.000002, 7.536497,-0.000003, 1.000000;;
                        }
                        Frame Armature_mixamorig_LeftHandIndex3 {
                          FrameTransformMatrix {
                             0.999426,-0.033649,-0.003974, 0.000000,
                             0.033882, 0.993390, 0.109671, 0.000000,
                             0.000258,-0.109742, 0.993960, 0.000000,
                             0.000004, 7.512301, 0.000000, 1.000000;;
                          }
                          Frame Armature_mixamorig_LeftHandIndex4 {
                            FrameTransformMatrix {
                               1.000000, 0.000000, 0.000000, 0.000000,
                               0.000000, 1.000000,-0.000000, 0.000000,
                               0.000000,-0.000000, 1.000000, 0.000000,
                               0.000000,10.212399,-0.000003, 1.000000;;
                            }
                          } // End of Armature_mixamorig_LeftHandIndex4
                        } // End of Armature_mixamorig_LeftHandIndex3
                      } // End of Armature_mixamorig_LeftHandIndex2
                    } // End of Armature_mixamorig_LeftHandIndex1
                    Frame Armature_mixamorig_LeftHandMiddle1 {
                      FrameTransformMatrix {
                         0.999262, 0.036637, 0.011544, 0.000000,
                        -0.035749, 0.777003, 0.628481, 0.000000,
                         0.014056,-0.628430, 0.777739, 0.000000,
                         0.016498,23.334379, 0.008612, 1.000000;;
                      }
                      Frame Armature_mixamorig_LeftHandMiddle2 {
                        FrameTransformMatrix {
                           0.996316, 0.085745, 0.001058, 0.000000,
                          -0.055027, 0.629817, 0.774792, 0.000000,
                           0.065768,-0.771996, 0.632216, 0.000000,
                          -0.000002, 6.996590,-0.000003, 1.000000;;
                        }
                        Frame Armature_mixamorig_LeftHandMiddle3 {
                          FrameTransformMatrix {
                             0.999600,-0.026512,-0.009804, 0.000000,
                             0.028253, 0.947885, 0.317357, 0.000000,
                             0.000879,-0.317508, 0.948255, 0.000000,
                            -0.000000, 7.016002, 0.000001, 1.000000;;
                          }
                          Frame Armature_mixamorig_LeftHandMiddle4 {
                            FrameTransformMatrix {
                               1.000000, 0.000000,-0.000000, 0.000000,
                               0.000000, 1.000000,-0.000000, 0.000000,
                              -0.000000, 0.000000, 1.000000, 0.000000,
                               0.000005, 7.721602, 0.000003, 1.000000;;
                            }
                          } // End of Armature_mixamorig_LeftHandMiddle4
                        } // End of Armature_mixamorig_LeftHandMiddle3
                      } // End of Armature_mixamorig_LeftHandMiddle2
                    } // End of Armature_mixamorig_LeftHandMiddle1
                    Frame Armature_mixamorig_LeftHandPinky1 {
                      FrameTransformMatrix {
                         0.990344, 0.092984, 0.102826, 0.000000,
                        -0.138098, 0.596560, 0.790599, 0.000000,
                         0.012171,-0.797164, 0.603640, 0.000000,
                        11.443198,18.881184, 0.461814, 1.000000;;
                      }
                      Frame Armature_mixamorig_LeftHandPinky2 {
                        FrameTransformMatrix {
                           0.999997, 0.001921, 0.001356, 0.000000,
                          -0.001849, 0.286580, 0.958055, 0.000000,
                           0.001451,-0.958054, 0.286583, 0.000000,
                           0.000001, 4.919600, 0.000003, 1.000000;;
                        }
                        Frame Armature_mixamorig_LeftHandPinky3 {
                          FrameTransformMatrix {
                             1.000000, 0.000955, 0.000251, 0.000000,
                            -0.000955, 0.870704, 0.491807, 0.000000,
                             0.000251,-0.491807, 0.870705, 0.000000,
                            -0.000002, 5.233000,-0.000004, 1.000000;;
                          }
                          Frame Armature_mixamorig_LeftHandPinky4 {
                            FrameTransformMatrix {
                               1.000000,-0.000000,-0.000000, 0.000000,
                               0.000000, 1.000000, 0.000000, 0.000000,
                               0.000000,-0.000000, 1.000000, 0.000000,
                              -0.000001, 5.571698,-0.000002, 1.000000;;
                            }
                          } // End of Armature_mixamorig_LeftHandPinky4
                        } // End of Armature_mixamorig_LeftHandPinky3
                      } // End of Armature_mixamorig_LeftHandPinky2
                    } // End of Armature_mixamorig_LeftHandPinky1
                    Frame Armature_mixamorig_LeftHandRing1 {
                      FrameTransformMatrix {
                         0.999935,-0.004041, 0.010667, 0.000000,
                        -0.007616, 0.459648, 0.888069, 0.000000,
                        -0.008491,-0.888092, 0.459587, 0.000000,
                         6.516895,22.686588, 0.103607, 1.000000;;
                      }
                      Frame Armature_mixamorig_LeftHandRing2 {
                        FrameTransformMatrix {
                           0.999735, 0.017324, 0.015160, 0.000000,
                          -0.022982, 0.712828, 0.700963, 0.000000,
                           0.001337,-0.701125, 0.713037, 0.000000,
                           0.000005, 6.408605,-0.000006, 1.000000;;
                        }
                        Frame Armature_mixamorig_LeftHandRing3 {
                          FrameTransformMatrix {
                             0.999777,-0.021120, 0.000957, 0.000000,
                             0.020075, 0.962567, 0.270299, 0.000000,
                            -0.006630,-0.270219, 0.962776, 0.000000,
                            -0.000001, 6.150299,-0.000001, 1.000000;;
                          }
                          Frame Armature_mixamorig_LeftHandRing4 {
                            FrameTransformMatrix {
                               1.000000, 0.000000, 0.000000, 0.000000,
                               0.000000, 1.000000, 0.000000, 0.000000,
                               0.000000,-0.000000, 1.000000, 0.000000,
                               0.000001, 6.145400,-0.000003, 1.000000;;
                            }
                          } // End of Armature_mixamorig_LeftHandRing4
                        } // End of Armature_mixamorig_LeftHandRing3
                      } // End of Armature_mixamorig_LeftHandRing2
                    } // End of Armature_mixamorig_LeftHandRing1
                    Frame Armature_mixamorig_LeftHandThumb1 {
                      FrameTransformMatrix {
                         0.865982, 0.491147,-0.094078, 0.000000,
                        -0.456878, 0.853537, 0.250472, 0.000000,
                         0.203318,-0.173922, 0.963542, 0.000000,
                        -7.059607, 6.094483, 4.397210, 1.000000;;
                      }
                      Frame Armature_mixamorig_LeftHandThumb2 {
                        FrameTransformMatrix {
                           0.955044,-0.274564,-0.111826, 0.000000,
                           0.291588, 0.938075, 0.187061, 0.000000,
                           0.053541,-0.211258, 0.975963, 0.000000,
                          -0.000006, 7.536494, 0.000010, 1.000000;;
                        }
                        Frame Armature_mixamorig_LeftHandThumb3 {
                          FrameTransformMatrix {
                             0.618160, 0.106693,-0.778778, 0.000000,
                             0.120986, 0.966025, 0.228379, 0.000000,
                             0.776686,-0.235396, 0.584250, 0.000000,
                            -0.000004, 7.512302, 0.000001, 1.000000;;
                          }
                          Frame Armature_mixamorig_LeftHandThumb4 {
                            FrameTransformMatrix {
                               1.000000,-0.000000, 0.000000, 0.000000,
                               0.000000, 1.000000, 0.000000, 0.000000,
                              -0.000000,-0.000000, 1.000000, 0.000000,
                               0.000000,10.212399,-0.000001, 1.000000;;
                            }
                          } // End of Armature_mixamorig_LeftHandThumb4
                        } // End of Armature_mixamorig_LeftHandThumb3
                      } // End of Armature_mixamorig_LeftHandThumb2
                    } // End of Armature_mixamorig_LeftHandThumb1
                  } // End of Armature_mixamorig_LeftHand
                } // End of Armature_mixamorig_LeftForeArm
              } // End of Armature_mixamorig_LeftArm
            } // End of Armature_mixamorig_LeftShoulder
            Frame Armature_mixamorig_Neck {
              FrameTransformMatrix {
                 0.999574,-0.018030,-0.022957, 0.000000,
                 0.013516, 0.982935,-0.183457, 0.000000,
                 0.025873, 0.183069, 0.982760, 0.000000,
                 0.000001,39.117596,11.976997, 1.000000;;
              }
              Frame Armature_mixamorig_Head {
                FrameTransformMatrix {
                   0.993772,-0.061389, 0.093002, 0.000000,
                   0.096051, 0.895015,-0.435572, 0.000000,
                  -0.056498, 0.441792, 0.895337, 0.000000,
                  -0.000000,14.552518,15.664102, 1.000000;;
                }
                Frame Armature_mixamorig_HeadTop_End {
                  FrameTransformMatrix {
                     1.000000, 0.000000, 0.000000, 0.000000,
                     0.000000, 1.000000,-0.000000, 0.000000,
                    -0.000000, 0.000000, 1.000000, 0.000000,
                    -0.000000,15.601691, 7.553698, 1.000000;;
                  }
                } // End of Armature_mixamorig_HeadTop_End
                Frame Armature_mixamorig_Jaw {
                  FrameTransformMatrix {
                     1.000000, 0.000000, 0.000000, 0.000000,
                    -0.000000,-0.587429, 0.809276, 0.000000,
                    -0.000000,-0.809276,-0.587429, 0.000000,
                    -0.000000,-2.317802, 3.620695, 1.000000;;
                  }
                } // End of Armature_mixamorig_Jaw
                Frame Armature_mixamorig_LeftEye {
                  FrameTransformMatrix {
                     1.000000, 0.000000, 0.000000, 0.000000,
                     0.000000, 1.000000,-0.000000, 0.000000,
                    -0.000000, 0.000000, 1.000000, 0.000000,
                     3.528700, 2.462095,12.838194, 1.000000;;
                  }
                } // End of Armature_mixamorig_LeftEye
                Frame Armature_mixamorig_RightEye {
                  FrameTransformMatrix {
                     1.000000, 0.000000, 0.000000, 0.000000,
                     0.000000, 1.000000,-0.000000, 0.000000,
                    -0.000000, 0.000000, 1.000000, 0.000000,
                    -3.528701, 2.462090,12.838194, 1.000000;;
                  }
                } // End of Armature_mixamorig_RightEye
              } // End of Armature_mixamorig_Head
            } // End of Armature_mixamorig_Neck
            Frame Armature_mixamorig_RightShoulder {
              FrameTransformMatrix {
                 0.295263,-0.030498, 0.954929, 0.000000,
                -0.891423, 0.350846, 0.286832, 0.000000,
                -0.343780,-0.935936, 0.076406, 0.000000,
                -17.399502,24.614296, 1.157898, 1.000000;;
              }
              Frame Armature_mixamorig_RightArm {
                FrameTransformMatrix {
                   0.851927, 0.186991,-0.489136, 0.000000,
                   0.410369, 0.341845, 0.845422, 0.000000,
                   0.325295,-0.920965, 0.214492, 0.000000,
                  -0.000008,19.910404, 0.000002, 1.000000;;
                }
                Frame Armature_mixamorig_RightArmour1 {
                  FrameTransformMatrix {
                    -0.000000,-1.000000,-0.000001, 0.000000,
                    -0.000000, 0.000001,-1.000000, 0.000000,
                     1.000000,-0.000000,-0.000000, 0.000000,
                    -1.467294, 5.012922,-18.471138, 1.000000;;
                  }
                  Frame Armature_mixamorig_RightArmour2 {
                    FrameTransformMatrix {
                      -0.915901, 0.232054,-0.327534, 0.000000,
                      -0.183487,-0.967759,-0.172553, 0.000000,
                      -0.357018,-0.097943, 0.928950, 0.000000,
                       3.884889,-9.462715,-18.584904, 1.000000;;
                    }
                    Frame Armature_mixamorig_RightArmour3 {
                      FrameTransformMatrix {
                         1.000000, 0.000000, 0.000000, 0.000000,
                        -0.000000, 1.000000, 0.000000, 0.000000,
                        -0.000000,-0.000000, 1.000000, 0.000000,
                        -0.000001,11.039511, 0.000003, 1.000000;;
                      }
                    } // End of Armature_mixamorig_RightArmour3
                  } // End of Armature_mixamorig_RightArmour2
                  Frame Armature_mixamorig_RightArmour4 {
                    FrameTransformMatrix {
                       0.708033,-0.251874, 0.659734, 0.000000,
                      -0.431906,-0.893578, 0.122374, 0.000000,
                       0.558701,-0.371588,-0.741469, 0.000000,
                      -2.648914,-11.494602,22.195292, 1.000000;;
                    }
                    Frame Armature_mixamorig_RightArmour5 {
                      FrameTransformMatrix {
                         1.000000, 0.000000, 0.000000, 0.000000,
                        -0.000000, 1.000000, 0.000000, 0.000000,
                        -0.000000,-0.000000, 1.000000, 0.000000,
                        -0.000002,11.039503,-0.000002, 1.000000;;
                      }
                    } // End of Armature_mixamorig_RightArmour5
                  } // End of Armature_mixamorig_RightArmour4
                } // End of Armature_mixamorig_RightArmour1
                Frame Armature_mixamorig_RightForeArm {
                  FrameTransformMatrix {
                     0.113476,-0.974689,-0.192625, 0.000000,
                     0.990785, 0.125443,-0.051074, 0.000000,
                     0.073944,-0.185054, 0.979942, 0.000000,
                    -0.000000,49.301296, 0.000021, 1.000000;;
                  }
                  Frame Armature_mixamorig_RightHand {
                    FrameTransformMatrix {
                       0.966694,-0.255008,-0.021736, 0.000000,
                       0.254814, 0.951055, 0.174827, 0.000000,
                      -0.023910,-0.174543, 0.984359, 0.000000,
                      -0.000001,31.604988,-0.000002, 1.000000;;
                    }
                    Frame Armature_mixamorig_RightHandIndex1 {
                      FrameTransformMatrix {
                         0.998612, 0.052641,-0.001503, 0.000000,
                        -0.023838, 0.477299, 0.878417, 0.000000,
                         0.046959,-0.877163, 0.477892, 0.000000,
                         6.192896,21.270996, 0.498991, 1.000000;;
                      }
                      Frame Armature_mixamorig_RightHandIndex2 {
                        FrameTransformMatrix {
                           0.997003,-0.077367,-0.000368, 0.000000,
                           0.031055, 0.395833, 0.917797, 0.000000,
                          -0.070862,-0.915058, 0.397049, 0.000000,
                           0.000002, 7.536000, 0.000000, 1.000000;;
                        }
                        Frame Armature_mixamorig_RightHandIndex3 {
                          FrameTransformMatrix {
                             0.999429, 0.006801, 0.033096, 0.000000,
                            -0.031958, 0.508175, 0.860661, 0.000000,
                            -0.010965,-0.861227, 0.508102, 0.000000,
                            -0.000001, 7.513007,-0.000002, 1.000000;;
                          }
                          Frame Armature_mixamorig_RightHandIndex4 {
                            FrameTransformMatrix {
                               1.000000, 0.000000,-0.000000, 0.000000,
                              -0.000000, 1.000000,-0.000000, 0.000000,
                               0.000000, 0.000000, 1.000000, 0.000000,
                              -0.000002,10.212008,-0.000002, 1.000000;;
                            }
                          } // End of Armature_mixamorig_RightHandIndex4
                        } // End of Armature_mixamorig_RightHandIndex3
                      } // End of Armature_mixamorig_RightHandIndex2
                    } // End of Armature_mixamorig_RightHandIndex1
                    Frame Armature_mixamorig_RightHandMiddle1 {
                      FrameTransformMatrix {
                         0.999759, 0.002232,-0.021825, 0.000000,
                         0.019453, 0.369828, 0.928897, 0.000000,
                         0.010145,-0.929098, 0.369696, 0.000000,
                        -0.016504,23.333992, 0.008983, 1.000000;;
                      }
                      Frame Armature_mixamorig_RightHandMiddle2 {
                        FrameTransformMatrix {
                           0.996276,-0.086197,-0.002089, 0.000000,
                           0.010347, 0.095465, 0.995379, 0.000000,
                          -0.085600,-0.991694, 0.096001, 0.000000,
                           0.000000, 6.996994,-0.000010, 1.000000;;
                        }
                        Frame Armature_mixamorig_RightHandMiddle3 {
                          FrameTransformMatrix {
                             0.999615, 0.022950, 0.015619, 0.000000,
                            -0.027751, 0.841138, 0.540108, 0.000000,
                            -0.000742,-0.540333, 0.841451, 0.000000,
                            -0.000004, 7.016003, 0.000004, 1.000000;;
                          }
                          Frame Armature_mixamorig_RightHandMiddle4 {
                            FrameTransformMatrix {
                               1.000000, 0.000000,-0.000000, 0.000000,
                              -0.000000, 1.000000,-0.000000, 0.000000,
                               0.000000, 0.000000, 1.000000, 0.000000,
                              -0.000004, 7.720998, 0.000001, 1.000000;;
                            }
                          } // End of Armature_mixamorig_RightHandMiddle4
                        } // End of Armature_mixamorig_RightHandMiddle3
                      } // End of Armature_mixamorig_RightHandMiddle2
                    } // End of Armature_mixamorig_RightHandMiddle1
                    Frame Armature_mixamorig_RightHandPinky1 {
                      FrameTransformMatrix {
                         0.997555,-0.001808,-0.069855, 0.000000,
                         0.069847, 0.056065, 0.995981, 0.000000,
                         0.002116,-0.998425, 0.056055, 0.000000,
                        -11.443208,18.881001, 0.461992, 1.000000;;
                      }
                      Frame Armature_mixamorig_RightHandPinky2 {
                        FrameTransformMatrix {
                           0.999999,-0.001574,-0.000811, 0.000000,
                           0.001575, 0.581894, 0.813263, 0.000000,
                          -0.000809,-0.813263, 0.581896, 0.000000,
                          -0.000002, 4.919999,-0.000005, 1.000000;;
                        }
                        Frame Armature_mixamorig_RightHandPinky3 {
                          FrameTransformMatrix {
                             1.000000,-0.000844,-0.000193, 0.000000,
                             0.000844, 0.900092, 0.435699, 0.000000,
                            -0.000194,-0.435699, 0.900093, 0.000000,
                            -0.000005, 5.233001,-0.000000, 1.000000;;
                          }
                          Frame Armature_mixamorig_RightHandPinky4 {
                            FrameTransformMatrix {
                               1.000000,-0.000000, 0.000000, 0.000000,
                               0.000000, 1.000000,-0.000000, 0.000000,
                               0.000000, 0.000000, 1.000000, 0.000000,
                              -0.000006, 5.570995,-0.000001, 1.000000;;
                            }
                          } // End of Armature_mixamorig_RightHandPinky4
                        } // End of Armature_mixamorig_RightHandPinky3
                      } // End of Armature_mixamorig_RightHandPinky2
                    } // End of Armature_mixamorig_RightHandPinky1
                    Frame Armature_mixamorig_RightHandRing1 {
                      FrameTransformMatrix {
                         0.996644, 0.080515, 0.014729, 0.000000,
                        -0.029579, 0.186498, 0.982010, 0.000000,
                         0.076320,-0.979151, 0.188253, 0.000000,
                        -6.516906,22.686001, 0.103982, 1.000000;;
                      }
                      Frame Armature_mixamorig_RightHandRing2 {
                        FrameTransformMatrix {
                           0.999700,-0.020680,-0.013161, 0.000000,
                           0.018563, 0.288066, 0.957430, 0.000000,
                          -0.016009,-0.957387, 0.288363, 0.000000,
                          -0.000001, 6.408997, 0.000010, 1.000000;;
                        }
                        Frame Armature_mixamorig_RightHandRing3 {
                          FrameTransformMatrix {
                             0.999791, 0.020413,-0.001321, 0.000000,
                            -0.014997, 0.775388, 0.631307, 0.000000,
                             0.013911,-0.631155, 0.775532, 0.000000,
                             0.000003, 6.149983,-0.000001, 1.000000;;
                          }
                          Frame Armature_mixamorig_RightHandRing4 {
                            FrameTransformMatrix {
                               1.000000, 0.000000, 0.000000, 0.000000,
                              -0.000000, 1.000000, 0.000000, 0.000000,
                              -0.000000, 0.000000, 1.000000, 0.000000,
                              -0.000003, 6.145994, 0.000003, 1.000000;;
                            }
                          } // End of Armature_mixamorig_RightHandRing4
                        } // End of Armature_mixamorig_RightHandRing3
                      } // End of Armature_mixamorig_RightHandRing2
                    } // End of Armature_mixamorig_RightHandRing1
                    Frame Armature_mixamorig_RightHandThumb1 {
                      FrameTransformMatrix {
                         0.976733,-0.103578, 0.187787, 0.000000,
                        -0.095369, 0.574512, 0.812921, 0.000000,
                        -0.192086,-0.811916, 0.551267, 0.000000,
                         7.059694, 6.093999, 4.396984, 1.000000;;
                      }
                      Frame Armature_mixamorig_RightHandThumb2 {
                        FrameTransformMatrix {
                           0.951153, 0.004347, 0.308690, 0.000000,
                           0.056044, 0.980856,-0.186498, 0.000000,
                          -0.303591, 0.194688, 0.932700, 0.000000,
                           0.000001, 7.536308,-0.000006, 1.000000;;
                        }
                        Frame Armature_mixamorig_RightHandThumb3 {
                          FrameTransformMatrix {
                             0.927041, 0.226906,-0.298510, 0.000000,
                            -0.296507, 0.930930,-0.213196, 0.000000,
                             0.229516, 0.286152, 0.930290, 0.000000,
                            -0.000002, 7.512698, 0.000007, 1.000000;;
                          }
                          Frame Armature_mixamorig_RightHandThumb4 {
                            FrameTransformMatrix {
                               1.000000,-0.000001, 0.000002, 0.000000,
                               0.000001, 1.000000, 0.000001, 0.000000,
                              -0.000002,-0.000001, 1.000000, 0.000000,
                               0.000003,10.212727,-0.000002, 1.000000;;
                            }
                          } // End of Armature_mixamorig_RightHandThumb4
                        } // End of Armature_mixamorig_RightHandThumb3
                      } // End of Armature_mixamorig_RightHandThumb2
                    } // End of Armature_mixamorig_RightHandThumb1
                  } // End of Armature_mixamorig_RightHand
                } // End of Armature_mixamorig_RightForeArm
              } // End of Armature_mixamorig_RightArm
            } // End of Armature_mixamorig_RightShoulder
          } // End of Armature_mixamorig_Spine2
        } // End of Armature_mixamorig_Spine1
      } // End of Armature_mixamorig_Spine
    } // End of Armature_mixamorig_Hips
  } // End of Armature
} // End of Root
AnimationSet Global {
  Animation {
    {Armature}
    AnimationKey { // Rotation
      0;
      25;
      0;4;-0.707107, 0.707107, 0.000000, 0.000000;;,
      1;4;-0.707107, 0.707107, 0.000000, 0.000000;;,
      2;4;-0.707107, 0.707107, 0.000000, 0.000000;;,
      3;4;-0.707107, 0.707107, 0.000000, 0.000000;;,
      4;4;-0.707107, 0.707107, 0.000000, 0.000000;;,
      5;4;-0.707107, 0.707107, 0.000000, 0.000000;;,
      6;4;-0.707107, 0.707107, 0.000000, 0.000000;;,
      7;4;-0.707107, 0.707107, 0.000000, 0.000000;;,
      8;4;-0.707107, 0.707107, 0.000000, 0.000000;;,
      9;4;-0.707107, 0.707107, 0.000000, 0.000000;;,
      10;4;-0.707107, 0.707107, 0.000000, 0.000000;;,
      11;4;-0.707107, 0.707107, 0.000000, 0.000000;;,
      12;4;-0.707107, 0.707107, 0.000000, 0.000000;;,
      13;4;-0.707107, 0.707107, 0.000000, 0.000000;;,
      14;4;-0.707107, 0.707107, 0.000000, 0.000000;;,
      15;4;-0.707107, 0.707107, 0.000000, 0.000000;;,
      16;4;-0.707107, 0.707107, 0.000000, 0.000000;;,
      17;4;-0.707107, 0.707107, 0.000000, 0.000000;;,
      18;4;-0.707107, 0.707107, 0.000000, 0.000000;;,
      19;4;-0.707107, 0.707107, 0.000000, 0.000000;;,
      20;4;-0.707107, 0.707107, 0.000000, 0.000000;;,
      21;4;-0.707107, 0.707107, 0.000000, 0.000000;;,
      22;4;-0.707107, 0.707107, 0.000000, 0.000000;;,
      23;4;-0.707107, 0.707107, 0.000000, 0.000000;;,
      24;4;-0.707107, 0.707107, 0.000000, 0.000000;;;
    }
    AnimationKey { // Scale
      1;
      25;
      0;3; 0.100000, 0.100000, 0.100000;;,
      1;3; 0.100000, 0.100000, 0.100000;;,
      2;3; 0.100000, 0.100000, 0.100000;;,
      3;3; 0.100000, 0.100000, 0.100000;;,
      4;3; 0.100000, 0.100000, 0.100000;;,
      5;3; 0.100000, 0.100000, 0.100000;;,
      6;3; 0.100000, 0.100000, 0.100000;;,
      7;3; 0.100000, 0.100000, 0.100000;;,
      8;3; 0.100000, 0.100000, 0.100000;;,
      9;3; 0.100000, 0.100000, 0.100000;;,
      10;3; 0.100000, 0.100000, 0.100000;;,
      11;3; 0.100000, 0.100000, 0.100000;;,
      12;3; 0.100000, 0.100000, 0.100000;;,
      13;3; 0.100000, 0.100000, 0.100000;;,
      14;3; 0.100000, 0.100000, 0.100000;;,
      15;3; 0.100000, 0.100000, 0.100000;;,
      16;3; 0.100000, 0.100000, 0.100000;;,
      17;3; 0.100000, 0.100000, 0.100000;;,
      18;3; 0.100000, 0.100000, 0.100000;;,
      19;3; 0.100000, 0.100000, 0.100000;;,
      20;3; 0.100000, 0.100000, 0.100000;;,
      21;3; 0.100000, 0.100000, 0.100000;;,
      22;3; 0.100000, 0.100000, 0.100000;;,
      23;3; 0.100000, 0.100000, 0.100000;;,
      24;3; 0.100000, 0.100000, 0.100000;;;
    }
    AnimationKey { // Position
      2;
      25;
      0;3; 0.000000, 0.000000, 0.000000;;,
      1;3; 0.000000, 0.000000, 0.000000;;,
      2;3; 0.000000, 0.000000, 0.000000;;,
      3;3; 0.000000, 0.000000, 0.000000;;,
      4;3; 0.000000, 0.000000, 0.000000;;,
      5;3; 0.000000, 0.000000, 0.000000;;,
      6;3; 0.000000, 0.000000, 0.000000;;,
      7;3; 0.000000, 0.000000, 0.000000;;,
      8;3; 0.000000, 0.000000, 0.000000;;,
      9;3; 0.000000, 0.000000, 0.000000;;,
      10;3; 0.000000, 0.000000, 0.000000;;,
      11;3; 0.000000, 0.000000, 0.000000;;,
      12;3; 0.000000, 0.000000, 0.000000;;,
      13;3; 0.000000, 0.000000, 0.000000;;,
      14;3; 0.000000, 0.000000, 0.000000;;,
      15;3; 0.000000, 0.000000, 0.000000;;,
      16;3; 0.000000, 0.000000, 0.000000;;,
      17;3; 0.000000, 0.000000, 0.000000;;,
      18;3; 0.000000, 0.000000, 0.000000;;,
      19;3; 0.000000, 0.000000, 0.000000;;,
      20;3; 0.000000, 0.000000, 0.000000;;,
      21;3; 0.000000, 0.000000, 0.000000;;,
      22;3; 0.000000, 0.000000, 0.000000;;,
      23;3; 0.000000, 0.000000, 0.000000;;,
      24;3; 0.000000, 0.000000, 0.000000;;;
    }
  }
  Animation {
    {Armature_mixamorig_Hips}
    AnimationKey { // Rotation
      0;
      25;
      0;4;-0.980102, 0.170515,-0.097878, 0.027275;;,
      1;4;-0.985275, 0.133587,-0.099145, 0.039462;;,
