xof 0303txt 0032

template XSkinMeshHeader {
  <3cf169ce-ff7c-44ab-93c0-f78f62d172e2>
  WORD nMaxSkinWeightsPerVertex;
  WORD nMaxSkinWeightsPerFace;
  WORD nBones;
}

template SkinWeights {
  <6f0d123b-bad2-4167-a0d0-80224f25fabb>
  STRING transformNodeName;
  DWORD nWeights;
  array DWORD vertexIndices[nWeights];
  array float weights[nWeights];
  Matrix4x4 matrixOffset;
}

Frame Root {
  FrameTransformMatrix {
     1.000000, 0.000000, 0.000000, 0.000000,
     0.000000,-0.000000,-1.000000, 0.000000,
     0.000000, 1.000000,-0.000000, 0.000000,
     0.000000, 0.000000, 0.000000, 1.000000;;
  }
  Frame Armature {
    FrameTransformMatrix {
       0.100000, 0.000000, 0.000000, 0.000000,
       0.000000,-0.000000, 0.100000, 0.000000,
       0.000000,-0.100000,-0.000000, 0.000000,
       0.000000, 0.000000, 0.000000, 1.000000;;
    }
    Frame Armature_mixamorig_Hips {
      FrameTransformMatrix {
         0.995839, 0.042650, 0.080530, 0.000000,
        -0.035641, 0.995610,-0.086552, 0.000000,
        -0.083868, 0.083322, 0.992987, 0.000000,
        -1.584336,76.556389,17.239450, 1.000000;;
      }
      Frame Armature_mixamorig_BackCloth1 {
        FrameTransformMatrix {
          -0.000002,-1.000000, 0.000000, 0.000000,
           1.000000,-0.000002,-0.000000, 0.000000,
           0.000000, 0.000000, 1.000000, 0.000000,
           0.000000,-5.419195,-29.327000, 1.000000;;
        }
        Frame Armature_mixamorig_BackCloth2 {
          FrameTransformMatrix {
             1.000000,-0.000000,-0.000000, 0.000000,
             0.000000, 1.000000,-0.000000, 0.000000,
            -0.000000, 0.000000, 1.000000, 0.000000,
            15.308602, 0.000001,-0.000001, 1.000000;;
          }
          Frame Armature_mixamorig_BackCloth3 {
            FrameTransformMatrix {
               1.000000,-0.000000,-0.000000, 0.000000,
               0.000000, 1.000000,-0.000000, 0.000000,
              -0.000000, 0.000000, 1.000000, 0.000000,
              17.777102, 0.000002, 0.000002, 1.000000;;
            }
            Frame Armature_mixamorig_BackCloth4 {
              FrameTransformMatrix {
                 1.000000,-0.000000,-0.000000, 0.000000,
                 0.000000, 1.000000,-0.000000, 0.000000,
                -0.000000, 0.000000, 1.000000, 0.000000,
                15.545400, 0.000002, 0.000000, 1.000000;;
              }
            } // End of Armature_mixamorig_BackCloth4
          } // End of Armature_mixamorig_BackCloth3
        } // End of Armature_mixamorig_BackCloth2
      } // End of Armature_mixamorig_BackCloth1
      Frame Armature_mixamorig_FrontCloth1 {
        FrameTransformMatrix {
           1.000000,-0.000002,-0.000000, 0.000000,
          -0.000002,-1.000000,-0.000000, 0.000000,
          -0.000000,-0.000000,-1.000000, 0.000000,
           0.000000,-19.940695,22.170200, 1.000000;;
        }
        Frame Armature_mixamorig_FrontCloth2 {
          FrameTransformMatrix {
            -1.000000,-0.000000, 0.000000, 0.000000,
            -0.000000, 1.000000, 0.000000, 0.000000,
            -0.000000, 0.000000,-1.000000, 0.000000,
            -0.000000,10.763302, 0.000003, 1.000000;;
          }
          Frame Armature_mixamorig_FrontCloth3 {
            FrameTransformMatrix {
              -1.000000,-0.000000,-0.000000, 0.000000,
               0.000000, 1.000000,-0.000000, 0.000000,
               0.000000,-0.000000,-1.000000, 0.000000,
              -0.000000,13.749507,-0.000004, 1.000000;;
            }
            Frame Armature_mixamorig_FrontCloth4 {
              FrameTransformMatrix {
                 1.000000, 0.000000,-0.000000, 0.000000,
                -0.000000, 1.000000,-0.000000, 0.000000,
                 0.000000, 0.000000, 1.000000, 0.000000,
                 0.000000,14.182600, 0.000003, 1.000000;;
              }
            } // End of Armature_mixamorig_FrontCloth4
          } // End of Armature_mixamorig_FrontCloth3
        } // End of Armature_mixamorig_FrontCloth2
      } // End of Armature_mixamorig_FrontCloth1
      Frame Armature_mixamorig_LeftUpLeg {
        FrameTransformMatrix {
          -0.847689, 0.512105, 0.138462, 0.000000,
           0.114520,-0.078199, 0.990339, 0.000000,
           0.517985, 0.855356, 0.007642, 0.000000,
          19.899096,-7.885089,-3.429499, 1.000000;;
        }
        Frame Armature_mixamorig_LeftLeg {
          FrameTransformMatrix {
             0.972602,-0.122020,-0.197879, 0.000000,
            -0.162802,-0.965113,-0.205068, 0.000000,
            -0.165953, 0.231664,-0.958536, 0.000000,
            -0.000003,38.282917,-0.000001, 1.000000;;
          }
          Frame Armature_mixamorig_LeftFoot {
            FrameTransformMatrix {
               0.998070,-0.061395, 0.009287, 0.000000,
               0.049267, 0.874028, 0.483371, 0.000000,
              -0.037793,-0.481981, 0.875366, 0.000000,
               0.000001,32.683975, 0.000002, 1.000000;;
            }
            Frame Armature_mixamorig_LeftToeBase {
              FrameTransformMatrix {
                 0.941060, 0.095418,-0.324503, 0.000000,
                 0.153907, 0.733518, 0.662015, 0.000000,
                 0.301197,-0.672939, 0.675599, 0.000000,
                 0.000000,27.100000,-0.000000, 1.000000;;
              }
              Frame Armature_mixamorig_LeftToe_End {
                FrameTransformMatrix {
                   1.000000, 0.000000,-0.000000, 0.000000,
                  -0.000000, 1.000000, 0.000000, 0.000000,
                   0.000000, 0.000000, 1.000000, 0.000000,
                  -0.000000,16.631994,-0.000000, 1.000000;;
                }
              } // End of Armature_mixamorig_LeftToe_End
            } // End of Armature_mixamorig_LeftToeBase
          } // End of Armature_mixamorig_LeftFoot
        } // End of Armature_mixamorig_LeftLeg
      } // End of Armature_mixamorig_LeftUpLeg
      Frame Armature_mixamorig_RightUpLeg {
        FrameTransformMatrix {
          -0.915978,-0.370236,-0.154626, 0.000000,
          -0.401099, 0.854750, 0.329425, 0.000000,
           0.010201, 0.363769,-0.931432, 0.000000,
          -19.899099,-7.884988,-3.429500, 1.000000;;
        }
        Frame Armature_mixamorig_RightLeg {
          FrameTransformMatrix {
             0.882499, 0.441410,-0.162335, 0.000000,
             0.307855,-0.803103,-0.510148, 0.000000,
            -0.355556, 0.400230,-0.844628, 0.000000,
             0.000000,38.282913, 0.000001, 1.000000;;
          }
          Frame Armature_mixamorig_RightFoot {
            FrameTransformMatrix {
               0.814990, 0.573834,-0.080656, 0.000000,
              -0.479140, 0.745599, 0.463150, 0.000000,
               0.325909,-0.338817, 0.882602, 0.000000,
               0.000001,32.684059, 0.000004, 1.000000;;
            }
            Frame Armature_mixamorig_RightToeBase {
              FrameTransformMatrix {
                 0.998251, 0.026653,-0.052773, 0.000000,
                 0.023806, 0.635842, 0.771452, 0.000000,
                 0.054117,-0.771359, 0.634095, 0.000000,
                -0.000003,27.100004, 0.000006, 1.000000;;
              }
              Frame Armature_mixamorig_RightToe_End {
                FrameTransformMatrix {
                   1.000000,-0.000000, 0.000000, 0.000000,
                   0.000000, 1.000000, 0.000000, 0.000000,
                   0.000000,-0.000000, 1.000000, 0.000000,
                   0.000001,16.631948,-0.000003, 1.000000;;
                }
              } // End of Armature_mixamorig_RightToe_End
            } // End of Armature_mixamorig_RightToeBase
          } // End of Armature_mixamorig_RightFoot
        } // End of Armature_mixamorig_RightLeg
      } // End of Armature_mixamorig_RightUpLeg
      Frame Armature_mixamorig_Spine {
        FrameTransformMatrix {
           0.988421, 0.017622, 0.150713, 0.000000,
          -0.125219, 0.655712, 0.744555, 0.000000,
          -0.085703,-0.754805, 0.650326, 0.000000,
           0.000000,13.784811, 0.064401, 1.000000;;
        }
        Frame Armature_mixamorig_Spine1 {
          FrameTransformMatrix {
             0.999293,-0.021851, 0.030592, 0.000000,
             0.019562, 0.997124, 0.073223, 0.000000,
            -0.032104,-0.072573, 0.996846, 0.000000,
            -0.000001,12.024295,-0.000007, 1.000000;;
          }
          Frame Armature_mixamorig_Spine2 {
            FrameTransformMatrix {
               0.999405,-0.024118, 0.024658, 0.000000,
               0.022500, 0.997701, 0.063924, 0.000000,
              -0.026143,-0.063332, 0.997650, 0.000000,
               0.000000,17.815804, 0.000003, 1.000000;;
            }
            Frame Armature_mixamorig_LeftShoulder {
              FrameTransformMatrix {
                 0.510780, 0.073876,-0.856532, 0.000000,
                 0.808562, 0.297248, 0.507811, 0.000000,
                 0.292118,-0.951938, 0.092095, 0.000000,
                17.399498,24.614193, 1.157898, 1.000000;;
              }
              Frame Armature_mixamorig_LeftArm {
                FrameTransformMatrix {
                   0.520857,-0.562046, 0.642505, 0.000000,
                   0.210009, 0.813897, 0.541727, 0.000000,
                  -0.827408,-0.147230, 0.541959, 0.000000,
                   0.000004,19.910397, 0.000022, 1.000000;;
                }
                Frame Armature_mixamorig_LeftForeArm {
                  FrameTransformMatrix {
                     0.564242, 0.435716, 0.701272, 0.000000,
                    -0.650217, 0.757951, 0.052231, 0.000000,
                    -0.508772,-0.485450, 0.710978, 0.000000,
                    -0.000004,49.301292,-0.000010, 1.000000;;
                  }
                  Frame Armature_mixamorig_LeftHand {
                    FrameTransformMatrix {
                       0.670597, 0.741820,-0.001589, 0.000000,
                      -0.738881, 0.668127, 0.087532, 0.000000,
                       0.065995,-0.057525, 0.996161, 0.000000,
                       0.000011,31.604710, 0.000004, 1.000000;;
                    }
                    Frame Armature_mixamorig_LeftHandIndex1 {
                      FrameTransformMatrix {
                         0.991326, 0.108189, 0.074618, 0.000000,
                        -0.131091, 0.773436, 0.620171, 0.000000,
                         0.009384,-0.624573, 0.780910, 0.000000,
                        -6.192906,21.271091, 0.498695, 1.000000;;
                      }
                      Frame Armature_mixamorig_LeftHandIndex2 {
                        FrameTransformMatrix {
                           0.997013, 0.077237, 0.000157, 0.000000,
                          -0.057362, 0.739093, 0.671156, 0.000000,
                           0.051722,-0.669160, 0.741316, 0.000000,
                          -0.000005, 7.536500, 0.000000, 1.000000;;
                        }
                        Frame Armature_mixamorig_LeftHandIndex3 {
                          FrameTransformMatrix {
                             0.999426,-0.033649,-0.003974, 0.000000,
                             0.033882, 0.993390, 0.109671, 0.000000,
                             0.000258,-0.109742, 0.993960, 0.000000,
                             0.000009, 7.512295, 0.000000, 1.000000;;
                          }
                          Frame Armature_mixamorig_LeftHandIndex4 {
                            FrameTransformMatrix {
                               1.000000,-0.000000, 0.000000, 0.000000,
                               0.000000, 1.000000, 0.000000, 0.000000,
                              -0.000000, 0.000000, 1.000000, 0.000000,
                               0.000003,10.212397,-0.000009, 1.000000;;
                            }
                          } // End of Armature_mixamorig_LeftHandIndex4
                        } // End of Armature_mixamorig_LeftHandIndex3
                      } // End of Armature_mixamorig_LeftHandIndex2
                    } // End of Armature_mixamorig_LeftHandIndex1
                    Frame Armature_mixamorig_LeftHandMiddle1 {
                      FrameTransformMatrix {
                         0.999262, 0.036637, 0.011544, 0.000000,
                        -0.035749, 0.777003, 0.628481, 0.000000,
                         0.014056,-0.628430, 0.777739, 0.000000,
                         0.016500,23.334381, 0.008589, 1.000000;;
                      }
                      Frame Armature_mixamorig_LeftHandMiddle2 {
                        FrameTransformMatrix {
                           0.996316, 0.085745, 0.001058, 0.000000,
                          -0.055027, 0.629817, 0.774792, 0.000000,
                           0.065768,-0.771996, 0.632216, 0.000000,
                           0.000005, 6.996596, 0.000000, 1.000000;;
                        }
                        Frame Armature_mixamorig_LeftHandMiddle3 {
                          FrameTransformMatrix {
                             0.999600,-0.026512,-0.009804, 0.000000,
                             0.028253, 0.947885, 0.317357, 0.000000,
                             0.000880,-0.317508, 0.948255, 0.000000,
                            -0.000007, 7.016006, 0.000000, 1.000000;;
                          }
                          Frame Armature_mixamorig_LeftHandMiddle4 {
                            FrameTransformMatrix {
                               1.000000, 0.000000, 0.000000, 0.000000,
                              -0.000000, 1.000000, 0.000000, 0.000000,
                               0.000000, 0.000000, 1.000000, 0.000000,
                               0.000002, 7.721608,-0.000001, 1.000000;;
                            }
                          } // End of Armature_mixamorig_LeftHandMiddle4
                        } // End of Armature_mixamorig_LeftHandMiddle3
                      } // End of Armature_mixamorig_LeftHandMiddle2
                    } // End of Armature_mixamorig_LeftHandMiddle1
                    Frame Armature_mixamorig_LeftHandPinky1 {
                      FrameTransformMatrix {
                         0.990344, 0.092984, 0.102826, 0.000000,
                        -0.138098, 0.596559, 0.790598, 0.000000,
                         0.012171,-0.797164, 0.603640, 0.000000,
                        11.443206,18.881199, 0.461798, 1.000000;;
                      }
                      Frame Armature_mixamorig_LeftHandPinky2 {
                        FrameTransformMatrix {
                           0.999997, 0.001921, 0.001356, 0.000000,
                          -0.001849, 0.286580, 0.958055, 0.000000,
                           0.001451,-0.958054, 0.286583, 0.000000,
                           0.000008, 4.919606,-0.000011, 1.000000;;
                        }
                        Frame Armature_mixamorig_LeftHandPinky3 {
                          FrameTransformMatrix {
                             0.999999, 0.000955, 0.000251, 0.000000,
                            -0.000955, 0.870704, 0.491807, 0.000000,
                             0.000251,-0.491807, 0.870704, 0.000000,
                            -0.000010, 5.232979,-0.000009, 1.000000;;
                          }
                          Frame Armature_mixamorig_LeftHandPinky4 {
                            FrameTransformMatrix {
                               1.000000, 0.000000,-0.000000, 0.000000,
                              -0.000000, 1.000000, 0.000000, 0.000000,
                               0.000000,-0.000000, 1.000000, 0.000000,
                               0.000003, 5.571711,-0.000011, 1.000000;;
                            }
                          } // End of Armature_mixamorig_LeftHandPinky4
                        } // End of Armature_mixamorig_LeftHandPinky3
                      } // End of Armature_mixamorig_LeftHandPinky2
                    } // End of Armature_mixamorig_LeftHandPinky1
                    Frame Armature_mixamorig_LeftHandRing1 {
                      FrameTransformMatrix {
                         0.999935,-0.004041, 0.010667, 0.000000,
                        -0.007616, 0.459648, 0.888069, 0.000000,
                        -0.008491,-0.888092, 0.459587, 0.000000,
                         6.516908,22.686596, 0.103590, 1.000000;;
                      }
                      Frame Armature_mixamorig_LeftHandRing2 {
                        FrameTransformMatrix {
                           0.999735, 0.017324, 0.015160, 0.000000,
                          -0.022982, 0.712828, 0.700962, 0.000000,
                           0.001337,-0.701125, 0.713037, 0.000000,
                           0.000002, 6.408597,-0.000008, 1.000000;;
                        }
                        Frame Armature_mixamorig_LeftHandRing3 {
                          FrameTransformMatrix {
                             0.999776,-0.021120, 0.000957, 0.000000,
                             0.020075, 0.962567, 0.270299, 0.000000,
                            -0.006630,-0.270219, 0.962776, 0.000000,
                             0.000009, 6.150299, 0.000004, 1.000000;;
                          }
                          Frame Armature_mixamorig_LeftHandRing4 {
                            FrameTransformMatrix {
                               1.000000, 0.000000,-0.000000, 0.000000,
                               0.000000, 1.000000, 0.000000, 0.000000,
                               0.000000,-0.000000, 1.000000, 0.000000,
                               0.000003, 6.145405,-0.000010, 1.000000;;
                            }
                          } // End of Armature_mixamorig_LeftHandRing4
                        } // End of Armature_mixamorig_LeftHandRing3
                      } // End of Armature_mixamorig_LeftHandRing2
                    } // End of Armature_mixamorig_LeftHandRing1
                    Frame Armature_mixamorig_LeftHandThumb1 {
                      FrameTransformMatrix {
                         0.865982, 0.491147,-0.094078, 0.000000,
                        -0.456878, 0.853537, 0.250472, 0.000000,
                         0.203318,-0.173922, 0.963542, 0.000000,
                        -7.059600, 6.094497, 4.397198, 1.000000;;
                      }
                      Frame Armature_mixamorig_LeftHandThumb2 {
                        FrameTransformMatrix {
                           0.955044,-0.274564,-0.111826, 0.000000,
                           0.291588, 0.938075, 0.187061, 0.000000,
                           0.053541,-0.211258, 0.975963, 0.000000,
                           0.000000, 7.536495, 0.000006, 1.000000;;
                        }
                        Frame Armature_mixamorig_LeftHandThumb3 {
                          FrameTransformMatrix {
                             0.618160, 0.106693,-0.778778, 0.000000,
                             0.120986, 0.966025, 0.228379, 0.000000,
                             0.776686,-0.235396, 0.584250, 0.000000,
                            -0.000004, 7.512292,-0.000003, 1.000000;;
                          }
                          Frame Armature_mixamorig_LeftHandThumb4 {
                            FrameTransformMatrix {
                               1.000000,-0.000000, 0.000000, 0.000000,
                               0.000000, 1.000000, 0.000000, 0.000000,
                              -0.000000,-0.000000, 1.000000, 0.000000,
                               0.000000,10.212405, 0.000003, 1.000000;;
                            }
                          } // End of Armature_mixamorig_LeftHandThumb4
                        } // End of Armature_mixamorig_LeftHandThumb3
                      } // End of Armature_mixamorig_LeftHandThumb2
                    } // End of Armature_mixamorig_LeftHandThumb1
                  } // End of Armature_mixamorig_LeftHand
                } // End of Armature_mixamorig_LeftForeArm
              } // End of Armature_mixamorig_LeftArm
            } // End of Armature_mixamorig_LeftShoulder
            Frame Armature_mixamorig_Neck {
              FrameTransformMatrix {
                 0.994272,-0.094067,-0.050733, 0.000000,
                 0.090320, 0.993330,-0.071682, 0.000000,
                 0.057137, 0.066689, 0.996136, 0.000000,
                -0.000001,39.117596,11.977005, 1.000000;;
              }
              Frame Armature_mixamorig_Head {
                FrameTransformMatrix {
                   0.951585,-0.294340,-0.088599, 0.000000,
                   0.222160, 0.857767,-0.463553, 0.000000,
                   0.212439, 0.421427, 0.881629, 0.000000,
                   0.000003,14.552514,15.664104, 1.000000;;
                }
                Frame Armature_mixamorig_HeadTop_End {
                  FrameTransformMatrix {
                     1.000000, 0.000000,-0.000000, 0.000000,
                    -0.000000, 1.000000, 0.000000, 0.000000,
                    -0.000000,-0.000000, 1.000000, 0.000000,
                    -0.000002,15.601688, 7.553708, 1.000000;;
                  }
                } // End of Armature_mixamorig_HeadTop_End
                Frame Armature_mixamorig_Jaw {
                  FrameTransformMatrix {
                     1.000000, 0.000000,-0.000000, 0.000000,
                     0.000000,-0.587429, 0.809276, 0.000000,
                     0.000000,-0.809276,-0.587429, 0.000000,
                     0.000001,-2.317807, 3.620710, 1.000000;;
                  }
                } // End of Armature_mixamorig_Jaw
                Frame Armature_mixamorig_LeftEye {
                  FrameTransformMatrix {
                     1.000000, 0.000000,-0.000000, 0.000000,
                    -0.000000, 1.000000, 0.000000, 0.000000,
                    -0.000000,-0.000000, 1.000000, 0.000000,
                     3.528699, 2.462079,12.838202, 1.000000;;
                  }
                } // End of Armature_mixamorig_LeftEye
                Frame Armature_mixamorig_RightEye {
                  FrameTransformMatrix {
                     1.000000, 0.000000,-0.000000, 0.000000,
                    -0.000000, 1.000000, 0.000000, 0.000000,
                    -0.000000,-0.000000, 1.000000, 0.000000,
                    -3.528702, 2.462084,12.838210, 1.000000;;
                  }
                } // End of Armature_mixamorig_RightEye
              } // End of Armature_mixamorig_Head
            } // End of Armature_mixamorig_Neck
            Frame Armature_mixamorig_RightShoulder {
              FrameTransformMatrix {
                 0.333757,-0.123797, 0.934495, 0.000000,
                -0.753572, 0.560543, 0.343397, 0.000000,
                -0.566336,-0.818820, 0.093795, 0.000000,
                -17.399504,24.614298, 1.157900, 1.000000;;
              }
              Frame Armature_mixamorig_RightArm {
                FrameTransformMatrix {
                   0.903903, 0.160469,-0.396495, 0.000000,
                   0.034130, 0.896947, 0.440819, 0.000000,
                   0.426373,-0.411990, 0.805277, 0.000000,
                  -0.000003,19.910408, 0.000000, 1.000000;;
                }
                Frame Armature_mixamorig_RightArmour1 {
                  FrameTransformMatrix {
                    -0.000000,-1.000000,-0.000001, 0.000000,
                    -0.000000, 0.000001,-1.000000, 0.000000,
                     1.000000,-0.000000,-0.000000, 0.000000,
                    -1.467296, 5.012923,-18.471134, 1.000000;;
                  }
                  Frame Armature_mixamorig_RightArmour2 {
                    FrameTransformMatrix {
                      -0.915901, 0.232054,-0.327534, 0.000000,
                      -0.183487,-0.967759,-0.172553, 0.000000,
                      -0.357018,-0.097943, 0.928950, 0.000000,
                       3.884903,-9.462718,-18.584892, 1.000000;;
                    }
                    Frame Armature_mixamorig_RightArmour3 {
                      FrameTransformMatrix {
                         1.000000, 0.000000, 0.000000, 0.000000,
                        -0.000000, 1.000000, 0.000000, 0.000000,
                        -0.000000,-0.000000, 1.000000, 0.000000,
                        -0.000003,11.039516,-0.000009, 1.000000;;
                      }
                    } // End of Armature_mixamorig_RightArmour3
                  } // End of Armature_mixamorig_RightArmour2
                  Frame Armature_mixamorig_RightArmour4 {
                    FrameTransformMatrix {
                       0.708033,-0.251874, 0.659734, 0.000000,
                      -0.431906,-0.893578, 0.122374, 0.000000,
                       0.558701,-0.371588,-0.741469, 0.000000,
                      -2.648904,-11.494619,22.195309, 1.000000;;
                    }
                    Frame Armature_mixamorig_RightArmour5 {
                      FrameTransformMatrix {
                         1.000000, 0.000000, 0.000000, 0.000000,
                        -0.000000, 1.000000, 0.000000, 0.000000,
                        -0.000000,-0.000000, 1.000000, 0.000000,
                        -0.000002,11.039497,-0.000002, 1.000000;;
                      }
                    } // End of Armature_mixamorig_RightArmour5
                  } // End of Armature_mixamorig_RightArmour4
                } // End of Armature_mixamorig_RightArmour1
                Frame Armature_mixamorig_RightForeArm {
                  FrameTransformMatrix {
                     0.772283,-0.505186,-0.385183, 0.000000,
                     0.572163, 0.816595, 0.076170, 0.000000,
                     0.276058,-0.279213, 0.919691, 0.000000,
                     0.000008,49.301300, 0.000028, 1.000000;;
                  }
                  Frame Armature_mixamorig_RightHand {
                    FrameTransformMatrix {
                       0.950116,-0.311223, 0.020511, 0.000000,
                       0.310158, 0.949707, 0.043121, 0.000000,
                      -0.032900,-0.034608, 0.998859, 0.000000,
                      -0.000008,31.604988,-0.000004, 1.000000;;
                    }
                    Frame Armature_mixamorig_RightHandIndex1 {
                      FrameTransformMatrix {
                         0.998612, 0.052641,-0.001503, 0.000000,
                        -0.023838, 0.477299, 0.878417, 0.000000,
                         0.046959,-0.877163, 0.477892, 0.000000,
                         6.192900,21.271000, 0.499001, 1.000000;;
                      }
                      Frame Armature_mixamorig_RightHandIndex2 {
                        FrameTransformMatrix {
                           0.997003,-0.077367,-0.000368, 0.000000,
                           0.031055, 0.395833, 0.917797, 0.000000,
                          -0.070862,-0.915058, 0.397050, 0.000000,
                          -0.000002, 7.536004,-0.000006, 1.000000;;
                        }
                        Frame Armature_mixamorig_RightHandIndex3 {
                          FrameTransformMatrix {
                             0.999429, 0.006801, 0.033096, 0.000000,
                            -0.031958, 0.508175, 0.860660, 0.000000,
                            -0.010965,-0.861227, 0.508102, 0.000000,
                             0.000006, 7.512980,-0.000004, 1.000000;;
                          }
                          Frame Armature_mixamorig_RightHandIndex4 {
                            FrameTransformMatrix {
                               1.000000, 0.000000,-0.000000, 0.000000,
                              -0.000000, 1.000000,-0.000000, 0.000000,
                              -0.000000, 0.000000, 1.000000, 0.000000,
                               0.000004,10.212006, 0.000004, 1.000000;;
                            }
                          } // End of Armature_mixamorig_RightHandIndex4
                        } // End of Armature_mixamorig_RightHandIndex3
                      } // End of Armature_mixamorig_RightHandIndex2
                    } // End of Armature_mixamorig_RightHandIndex1
                    Frame Armature_mixamorig_RightHandMiddle1 {
                      FrameTransformMatrix {
                         0.999759, 0.002232,-0.021825, 0.000000,
                         0.019453, 0.369828, 0.928897, 0.000000,
                         0.010145,-0.929098, 0.369696, 0.000000,
                        -0.016504,23.333996, 0.008995, 1.000000;;
                      }
                      Frame Armature_mixamorig_RightHandMiddle2 {
                        FrameTransformMatrix {
                           0.996276,-0.086197,-0.002089, 0.000000,
                           0.010347, 0.095465, 0.995379, 0.000000,
                          -0.085600,-0.991694, 0.096001, 0.000000,
                           0.000004, 6.996988, 0.000010, 1.000000;;
                        }
                        Frame Armature_mixamorig_RightHandMiddle3 {
                          FrameTransformMatrix {
                             0.999615, 0.022950, 0.015619, 0.000000,
                            -0.027751, 0.841138, 0.540108, 0.000000,
                            -0.000742,-0.540333, 0.841451, 0.000000,
                             0.000013, 7.016021, 0.000013, 1.000000;;
                          }
                          Frame Armature_mixamorig_RightHandMiddle4 {
                            FrameTransformMatrix {
                               1.000000, 0.000000, 0.000000, 0.000000,
                               0.000000, 1.000000, 0.000000, 0.000000,
                              -0.000000, 0.000000, 1.000000, 0.000000,
                              -0.000005, 7.720997, 0.000008, 1.000000;;
                            }
                          } // End of Armature_mixamorig_RightHandMiddle4
                        } // End of Armature_mixamorig_RightHandMiddle3
                      } // End of Armature_mixamorig_RightHandMiddle2
                    } // End of Armature_mixamorig_RightHandMiddle1
                    Frame Armature_mixamorig_RightHandPinky1 {
                      FrameTransformMatrix {
                         0.997555,-0.001808,-0.069855, 0.000000,
                         0.069847, 0.056065, 0.995981, 0.000000,
                         0.002116,-0.998425, 0.056055, 0.000000,
                        -11.443207,18.881004, 0.461998, 1.000000;;
                      }
                      Frame Armature_mixamorig_RightHandPinky2 {
                        FrameTransformMatrix {
                           0.999998,-0.001574,-0.000811, 0.000000,
                           0.001576, 0.581894, 0.813263, 0.000000,
                          -0.000809,-0.813263, 0.581896, 0.000000,
                          -0.000011, 4.920010, 0.000004, 1.000000;;
                        }
                        Frame Armature_mixamorig_RightHandPinky3 {
                          FrameTransformMatrix {
                             1.000000,-0.000844,-0.000193, 0.000000,
                             0.000844, 0.900092, 0.435699, 0.000000,
                            -0.000194,-0.435699, 0.900092, 0.000000,
                            -0.000010, 5.233001,-0.000008, 1.000000;;
                          }
                          Frame Armature_mixamorig_RightHandPinky4 {
                            FrameTransformMatrix {
                               1.000000,-0.000000,-0.000000, 0.000000,
                              -0.000000, 1.000000,-0.000000, 0.000000,
                              -0.000000,-0.000000, 1.000000, 0.000000,
                               0.000002, 5.571009, 0.000003, 1.000000;;
                            }
                          } // End of Armature_mixamorig_RightHandPinky4
                        } // End of Armature_mixamorig_RightHandPinky3
                      } // End of Armature_mixamorig_RightHandPinky2
                    } // End of Armature_mixamorig_RightHandPinky1
                    Frame Armature_mixamorig_RightHandRing1 {
                      FrameTransformMatrix {
                         0.996645, 0.080515, 0.014729, 0.000000,
                        -0.029579, 0.186498, 0.982010, 0.000000,
                         0.076320,-0.979151, 0.188253, 0.000000,
                        -6.516903,22.685997, 0.103985, 1.000000;;
                      }
                      Frame Armature_mixamorig_RightHandRing2 {
                        FrameTransformMatrix {
                           0.999700,-0.020680,-0.013161, 0.000000,
                           0.018563, 0.288066, 0.957430, 0.000000,
                          -0.016009,-0.957387, 0.288363, 0.000000,
                           0.000014, 6.409010,-0.000008, 1.000000;;
                        }
                        Frame Armature_mixamorig_RightHandRing3 {
                          FrameTransformMatrix {
                             0.999791, 0.020413,-0.001321, 0.000000,
                            -0.014997, 0.775388, 0.631307, 0.000000,
                             0.013911,-0.631155, 0.775532, 0.000000,
                            -0.000002, 6.150006, 0.000005, 1.000000;;
                          }
                          Frame Armature_mixamorig_RightHandRing4 {
                            FrameTransformMatrix {
                               1.000000,-0.000000, 0.000000, 0.000000,
                              -0.000000, 1.000000, 0.000000, 0.000000,
                               0.000000, 0.000000, 1.000000, 0.000000,
                               0.000003, 6.145992, 0.000011, 1.000000;;
                            }
                          } // End of Armature_mixamorig_RightHandRing4
                        } // End of Armature_mixamorig_RightHandRing3
                      } // End of Armature_mixamorig_RightHandRing2
                    } // End of Armature_mixamorig_RightHandRing1
                    Frame Armature_mixamorig_RightHandThumb1 {
                      FrameTransformMatrix {
                         0.976733,-0.103577, 0.187787, 0.000000,
                        -0.095369, 0.574512, 0.812921, 0.000000,
                        -0.192086,-0.811916, 0.551267, 0.000000,
                         7.059700, 6.094006, 4.396984, 1.000000;;
                      }
                      Frame Armature_mixamorig_RightHandThumb2 {
                        FrameTransformMatrix {
                           0.951153, 0.004347, 0.308690, 0.000000,
                           0.056044, 0.980856,-0.186498, 0.000000,
                          -0.303591, 0.194688, 0.932700, 0.000000,
                          -0.000006, 7.536305, 0.000003, 1.000000;;
                        }
                        Frame Armature_mixamorig_RightHandThumb3 {
                          FrameTransformMatrix {
                             0.927041, 0.226906,-0.298510, 0.000000,
                            -0.296507, 0.930930,-0.213196, 0.000000,
                             0.229516, 0.286152, 0.930290, 0.000000,
                             0.000000, 7.512693,-0.000010, 1.000000;;
                          }
                          Frame Armature_mixamorig_RightHandThumb4 {
                            FrameTransformMatrix {
                               1.000000,-0.000001, 0.000002, 0.000000,
                               0.000001, 1.000000, 0.000001, 0.000000,
                              -0.000002,-0.000001, 1.000000, 0.000000,
                              -0.000001,10.212722, 0.000008, 1.000000;;
                            }
                          } // End of Armature_mixamorig_RightHandThumb4
                        } // End of Armature_mixamorig_RightHandThumb3
                      } // End of Armature_mixamorig_RightHandThumb2
                    } // End of Armature_mixamorig_RightHandThumb1
                  } // End of Armature_mixamorig_RightHand
                } // End of Armature_mixamorig_RightForeArm
              } // End of Armature_mixamorig_RightArm
            } // End of Armature_mixamorig_RightShoulder
          } // End of Armature_mixamorig_Spine2
        } // End of Armature_mixamorig_Spine1
      } // End of Armature_mixamorig_Spine
    } // End of Armature_mixamorig_Hips
  } // End of Armature
} // End of Root
AnimationSet Global {
  Animation {
    {Armature}
    AnimationKey { // Rotation
      0;
      26;
      0;4;-0.707107, 0.707107, 0.000000, 0.000000;;,
      1;4;-0.707107, 0.707107, 0.000000, 0.000000;;,
      2;4;-0.707107, 0.707107, 0.000000, 0.000000;;,
      3;4;-0.707107, 0.707107, 0.000000, 0.000000;;,
      4;4;-0.707107, 0.707107, 0.000000, 0.000000;;,
      5;4;-0.707107, 0.707107, 0.000000, 0.000000;;,
      6;4;-0.707107, 0.707107, 0.000000, 0.000000;;,
      7;4;-0.707107, 0.707107, 0.000000, 0.000000;;,
      8;4;-0.707107, 0.707107, 0.000000, 0.000000;;,
      9;4;-0.707107, 0.707107, 0.000000, 0.000000;;,
      10;4;-0.707107, 0.707107, 0.000000, 0.000000;;,
      11;4;-0.707107, 0.707107, 0.000000, 0.000000;;,
      12;4;-0.707107, 0.707107, 0.000000, 0.000000;;,
      13;4;-0.707107, 0.707107, 0.000000, 0.000000;;,
      14;4;-0.707107, 0.707107, 0.000000, 0.000000;;,
      15;4;-0.707107, 0.707107, 0.000000, 0.000000;;,
      16;4;-0.707107, 0.707107, 0.000000, 0.000000;;,
      17;4;-0.707107, 0.707107, 0.000000, 0.000000;;,
      18;4;-0.707107, 0.707107, 0.000000, 0.000000;;,
      19;4;-0.707107, 0.707107, 0.000000, 0.000000;;,
      20;4;-0.707107, 0.707107, 0.000000, 0.000000;;,
      21;4;-0.707107, 0.707107, 0.000000, 0.000000;;,
      22;4;-0.707107, 0.707107, 0.000000, 0.000000;;,
      23;4;-0.707107, 0.707107, 0.000000, 0.000000;;,
      24;4;-0.707107, 0.707107, 0.000000, 0.000000;;,
      25;4;-0.707107, 0.707107, 0.000000, 0.000000;;;
    }
    AnimationKey { // Scale
      1;
      26;
      0;3; 0.100000, 0.100000, 0.100000;;,
      1;3; 0.100000, 0.100000, 0.100000;;,
      2;3; 0.100000, 0.100000, 0.100000;;,
      3;3; 0.100000, 0.100000, 0.100000;;,
      4;3; 0.100000, 0.100000, 0.100000;;,
      5;3; 0.100000, 0.100000, 0.100000;;,
      6;3; 0.100000, 0.100000, 0.100000;;,
      7;3; 0.100000, 0.100000, 0.100000;;,
      8;3; 0.100000, 0.100000, 0.100000;;,
      9;3; 0.100000, 0.100000, 0.100000;;,
      10;3; 0.100000, 0.100000, 0.100000;;,
      11;3; 0.100000, 0.100000, 0.100000;;,
      12;3; 0.100000, 0.100000, 0.100000;;,
      13;3; 0.100000, 0.100000, 0.100000;;,
      14;3; 0.100000, 0.100000, 0.100000;;,
      15;3; 0.100000, 0.100000, 0.100000;;,
      16;3; 0.100000, 0.100000, 0.100000;;,
      17;3; 0.100000, 0.100000, 0.100000;;,
      18;3; 0.100000, 0.100000, 0.100000;;,
      19;3; 0.100000, 0.100000, 0.100000;;,
      20;3; 0.100000, 0.100000, 0.100000;;,
      21;3; 0.100000, 0.100000, 0.100000;;,
      22;3; 0.100000, 0.100000, 0.100000;;,
      23;3; 0.100000, 0.100000, 0.100000;;,
      24;3; 0.100000, 0.100000, 0.100000;;,
      25;3; 0.100000, 0.100000, 0.100000;;;
    }
    AnimationKey { // Position
      2;
      26;
      0;3; 0.000000, 0.000000, 0.000000;;,
      1;3; 0.000000, 0.000000, 0.000000;;,
      2;3; 0.000000, 0.000000, 0.000000;;,
      3;3; 0.000000, 0.000000, 0.000000;;,
      4;3; 0.000000, 0.000000, 0.000000;;,
      5;3; 0.000000, 0.000000, 0.000000;;,
      6;3; 0.000000, 0.000000, 0.000000;;,
      7;3; 0.000000, 0.000000, 0.000000;;,
      8;3; 0.000000, 0.000000, 0.000000;;,
      9;3; 0.000000, 0.000000, 0.000000;;,
      10;3; 0.000000, 0.000000, 0.000000;;,
      11;3; 0.000000, 0.000000, 0.000000;;,
      12;3; 0.000000, 0.000000, 0.000000;;,
      13;3; 0.000000, 0.000000, 0.000000;;,
      14;3; 0.000000, 0.000000, 0.000000;;,
      15;3; 0.000000, 0.000000, 0.000000;;,
      16;3; 0.000000, 0.000000, 0.000000;;,
      17;3; 0.000000, 0.000000, 0.000000;;,
      18;3; 0.000000, 0.000000, 0.000000;;,
      19;3; 0.000000, 0.000000, 0.000000;;,
      20;3; 0.000000, 0.000000, 0.000000;;,
      21;3; 0.000000, 0.000000, 0.000000;;,
      22;3; 0.000000, 0.000000, 0.000000;;,
      23;3; 0.000000, 0.000000, 0.000000;;,
      24;3; 0.000000, 0.000000, 0.000000;;,
      25;3; 0.000000, 0.000000, 0.000000;;;
    }
  }
  Animation {
    {Armature_mixamorig_Hips}
