xof 0303txt 0032

template XSkinMeshHeader {
  <3cf169ce-ff7c-44ab-93c0-f78f62d172e2>
  WORD nMaxSkinWeightsPerVertex;
  WORD nMaxSkinWeightsPerFace;
  WORD nBones;
}

template SkinWeights {
  <6f0d123b-bad2-4167-a0d0-80224f25fabb>
  STRING transformNodeName;
  DWORD nWeights;
  array DWORD vertexIndices[nWeights];
  array float weights[nWeights];
  Matrix4x4 matrixOffset;
}

Frame Root {
  FrameTransformMatrix {
     1.000000, 0.000000, 0.000000, 0.000000,
     0.000000,-0.000000,-1.000000, 0.000000,
     0.000000, 1.000000,-0.000000, 0.000000,
     0.000000, 0.000000, 0.000000, 1.000000;;
  }
  Frame Armature {
    FrameTransformMatrix {
       0.100000, 0.000000, 0.000000, 0.000000,
       0.000000,-0.000000, 0.100000, 0.000000,
       0.000000,-0.100000,-0.000000, 0.000000,
       0.000000, 0.000000, 0.000000, 1.000000;;
    }
    Frame Armature_mixamorig_Hips {
      FrameTransformMatrix {
         0.998980,-0.007149,-0.044586, 0.000000,
         0.045147, 0.139363, 0.989212, 0.000000,
        -0.000858,-0.990215, 0.139544, 0.000000,
         3.657216,157.318695,-11.897692, 1.000000;;
      }
      Frame Armature_mixamorig_BackCloth1 {
        FrameTransformMatrix {
          -0.000002,-1.000000, 0.000000, 0.000000,
           1.000000,-0.000002, 0.000000, 0.000000,
          -0.000000,-0.000000, 1.000000, 0.000000,
          -0.000000,-5.419194,-29.327021, 1.000000;;
        }
        Frame Armature_mixamorig_BackCloth2 {
          FrameTransformMatrix {
             1.000000,-0.000000,-0.000000, 0.000000,
            -0.000000, 1.000000,-0.000000, 0.000000,
            -0.000000,-0.000000, 1.000000, 0.000000,
            15.308603, 0.000001, 0.000004, 1.000000;;
          }
          Frame Armature_mixamorig_BackCloth3 {
            FrameTransformMatrix {
               1.000000,-0.000000,-0.000000, 0.000000,
              -0.000000, 1.000000,-0.000000, 0.000000,
              -0.000000,-0.000000, 1.000000, 0.000000,
              17.777098, 0.000002,-0.000012, 1.000000;;
            }
            Frame Armature_mixamorig_BackCloth4 {
              FrameTransformMatrix {
                 1.000000,-0.000000,-0.000000, 0.000000,
                -0.000000, 1.000000,-0.000000, 0.000000,
                -0.000000,-0.000000, 1.000000, 0.000000,
                15.545403, 0.000002,-0.000006, 1.000000;;
              }
            } // End of Armature_mixamorig_BackCloth4
          } // End of Armature_mixamorig_BackCloth3
        } // End of Armature_mixamorig_BackCloth2
      } // End of Armature_mixamorig_BackCloth1
      Frame Armature_mixamorig_FrontCloth1 {
        FrameTransformMatrix {
           1.000000,-0.000002,-0.000000, 0.000000,
          -0.000002,-1.000000,-0.000000, 0.000000,
          -0.000000,-0.000000,-1.000000, 0.000000,
          -0.000000,-19.940702,22.170185, 1.000000;;
        }
        Frame Armature_mixamorig_FrontCloth2 {
          FrameTransformMatrix {
            -1.000000, 0.000000, 0.000000, 0.000000,
            -0.000000, 1.000000, 0.000000, 0.000000,
            -0.000000, 0.000000,-1.000000, 0.000000,
             0.000000,10.763300, 0.000021, 1.000000;;
          }
          Frame Armature_mixamorig_FrontCloth3 {
            FrameTransformMatrix {
              -1.000000, 0.000000,-0.000000, 0.000000,
              -0.000000, 1.000000,-0.000000, 0.000000,
               0.000000,-0.000000,-1.000000, 0.000000,
              -0.000000,13.749512,-0.000019, 1.000000;;
            }
            Frame Armature_mixamorig_FrontCloth4 {
              FrameTransformMatrix {
                 1.000000,-0.000000,-0.000000, 0.000000,
                -0.000000, 1.000000,-0.000000, 0.000000,
                 0.000000, 0.000000, 1.000000, 0.000000,
                 0.000000,14.182601, 0.000007, 1.000000;;
              }
            } // End of Armature_mixamorig_FrontCloth4
          } // End of Armature_mixamorig_FrontCloth3
        } // End of Armature_mixamorig_FrontCloth2
      } // End of Armature_mixamorig_FrontCloth1
      Frame Armature_mixamorig_LeftUpLeg {
        FrameTransformMatrix {
          -0.960839, 0.069892, 0.268148, 0.000000,
           0.276143, 0.160871, 0.947558, 0.000000,
           0.023090, 0.984498,-0.173871, 0.000000,
          19.899097,-7.885098,-3.429500, 1.000000;;
        }
        Frame Armature_mixamorig_LeftLeg {
          FrameTransformMatrix {
             0.992611,-0.095514, 0.074832, 0.000000,
            -0.020211,-0.738259,-0.674214, 0.000000,
             0.119642, 0.667720,-0.734735, 0.000000,
             0.000002,38.282906,-0.000001, 1.000000;;
          }
          Frame Armature_mixamorig_LeftFoot {
            FrameTransformMatrix {
               0.999397, 0.034680,-0.001568, 0.000000,
              -0.028146, 0.835899, 0.548162, 0.000000,
               0.020320,-0.547787, 0.836371, 0.000000,
              -0.000001,32.683994,-0.000002, 1.000000;;
            }
            Frame Armature_mixamorig_LeftToeBase {
              FrameTransformMatrix {
                 0.999346,-0.008428, 0.035170, 0.000000,
                -0.025648, 0.520450, 0.853507, 0.000000,
                -0.025498,-0.853851, 0.519893, 0.000000,
                 0.000001,27.100000,-0.000008, 1.000000;;
              }
              Frame Armature_mixamorig_LeftToe_End {
                FrameTransformMatrix {
                   1.000000, 0.000000, 0.000000, 0.000000,
                  -0.000000, 1.000000, 0.000000, 0.000000,
                   0.000000,-0.000000, 1.000000, 0.000000,
                   0.000001,16.632002, 0.000006, 1.000000;;
                }
              } // End of Armature_mixamorig_LeftToe_End
            } // End of Armature_mixamorig_LeftToeBase
          } // End of Armature_mixamorig_LeftFoot
        } // End of Armature_mixamorig_LeftLeg
      } // End of Armature_mixamorig_LeftUpLeg
      Frame Armature_mixamorig_RightUpLeg {
        FrameTransformMatrix {
          -0.933843,-0.004278,-0.357657, 0.000000,
          -0.337938, 0.338181, 0.878309, 0.000000,
           0.117195, 0.941071,-0.317255, 0.000000,
          -19.899099,-7.884995,-3.429521, 1.000000;;
        }
        Frame Armature_mixamorig_RightLeg {
          FrameTransformMatrix {
             0.994679,-0.021456,-0.100759, 0.000000,
            -0.079610,-0.780851,-0.619624, 0.000000,
            -0.065383, 0.624349,-0.778405, 0.000000,
            -0.000005,38.282909,-0.000010, 1.000000;;
          }
          Frame Armature_mixamorig_RightFoot {
            FrameTransformMatrix {
               0.998187,-0.058314,-0.014929, 0.000000,
               0.054033, 0.758717, 0.649176, 0.000000,
              -0.026529,-0.648805, 0.760492, 0.000000,
              -0.000005,32.684067, 0.000014, 1.000000;;
            }
            Frame Armature_mixamorig_RightToeBase {
              FrameTransformMatrix {
                 0.997266, 0.012490,-0.072829, 0.000000,
                 0.050128, 0.609770, 0.790992, 0.000000,
                 0.054289,-0.792480, 0.607477, 0.000000,
                 0.000004,27.100008, 0.000014, 1.000000;;
              }
              Frame Armature_mixamorig_RightToe_End {
                FrameTransformMatrix {
                   1.000000,-0.000000,-0.000000, 0.000000,
                   0.000000, 1.000000, 0.000000, 0.000000,
                  -0.000000,-0.000000, 1.000000, 0.000000,
                   0.000002,16.631947, 0.000003, 1.000000;;
                }
              } // End of Armature_mixamorig_RightToe_End
            } // End of Armature_mixamorig_RightToeBase
          } // End of Armature_mixamorig_RightFoot
        } // End of Armature_mixamorig_RightLeg
      } // End of Armature_mixamorig_RightUpLeg
      Frame Armature_mixamorig_Spine {
        FrameTransformMatrix {
           0.999805,-0.008115, 0.017971, 0.000000,
           0.004291, 0.979094, 0.203362, 0.000000,
          -0.019245,-0.203245, 0.978939, 0.000000,
           0.000000,13.784800, 0.064381, 1.000000;;
        }
        Frame Armature_mixamorig_Spine1 {
          FrameTransformMatrix {
             0.998400,-0.034692, 0.044648, 0.000000,
             0.018227, 0.944969, 0.326653, 0.000000,
            -0.053523,-0.325316, 0.944089, 0.000000,
             0.000001,12.024299, 0.000009, 1.000000;;
          }
          Frame Armature_mixamorig_Spine2 {
            FrameTransformMatrix {
               0.998400,-0.035120, 0.044312, 0.000000,
               0.019514, 0.949582, 0.312913, 0.000000,
              -0.053067,-0.311548, 0.948748, 0.000000,
              -0.000000,17.815804,-0.000001, 1.000000;;
            }
            Frame Armature_mixamorig_LeftShoulder {
              FrameTransformMatrix {
                 0.225768, 0.031589,-0.973669, 0.000000,
                 0.951050, 0.209360, 0.227315, 0.000000,
                 0.211028,-0.977328, 0.017224, 0.000000,
                17.399502,24.614197, 1.157891, 1.000000;;
              }
              Frame Armature_mixamorig_LeftArm {
                FrameTransformMatrix {
                   0.867778, 0.123573, 0.481343, 0.000000,
                  -0.201661, 0.972821, 0.113812, 0.000000,
                  -0.454197,-0.195832, 0.869112, 0.000000,
                   0.000006,19.910397, 0.000000, 1.000000;;
                }
                Frame Armature_mixamorig_LeftForeArm {
                  FrameTransformMatrix {
                     0.600841, 0.792358, 0.105640, 0.000000,
                    -0.695490, 0.453028, 0.557728, 0.000000,
                     0.394062,-0.408577, 0.823274, 0.000000,
                     0.000005,49.301289,-0.000004, 1.000000;;
                  }
                  Frame Armature_mixamorig_LeftHand {
                    FrameTransformMatrix {
                       0.854936, 0.450907, 0.256453, 0.000000,
                      -0.380884, 0.881284,-0.279759, 0.000000,
                      -0.352153, 0.141497, 0.925185, 0.000000,
                       0.000005,31.604713, 0.000005, 1.000000;;
                    }
                    Frame Armature_mixamorig_LeftHandIndex1 {
                      FrameTransformMatrix {
                         0.999886, 0.014890, 0.002422, 0.000000,
                        -0.015086, 0.985901, 0.166647, 0.000000,
                         0.000093,-0.166665, 0.986014, 0.000000,
                        -6.192897,21.271084, 0.498714, 1.000000;;
                      }
                      Frame Armature_mixamorig_LeftHandIndex2 {
                        FrameTransformMatrix {
                           0.999962,-0.004992, 0.007162, 0.000000,
                           0.001983, 0.928827, 0.370510, 0.000000,
                          -0.008502,-0.370481, 0.928801, 0.000000,
                           0.000001, 7.536489,-0.000002, 1.000000;;
                        }
                        Frame Armature_mixamorig_LeftHandIndex3 {
                          FrameTransformMatrix {
                             1.000000,-0.000000, 0.000000, 0.000000,
                            -0.000000, 1.000000, 0.000000, 0.000000,
                            -0.000000,-0.000000, 1.000000, 0.000000,
                             0.000002, 7.512297,-0.000004, 1.000000;;
                          }
                          Frame Armature_mixamorig_LeftHandIndex4 {
                            FrameTransformMatrix {
                               1.000000,-0.000000, 0.000000, 0.000000,
                              -0.000000, 1.000000,-0.000000, 0.000000,
                              -0.000000, 0.000000, 1.000000, 0.000000,
                              -0.000000,10.212390, 0.000002, 1.000000;;
                            }
                          } // End of Armature_mixamorig_LeftHandIndex4
                        } // End of Armature_mixamorig_LeftHandIndex3
                      } // End of Armature_mixamorig_LeftHandIndex2
                    } // End of Armature_mixamorig_LeftHandIndex1
                    Frame Armature_mixamorig_LeftHandMiddle1 {
                      FrameTransformMatrix {
                         0.999936,-0.010680, 0.003704, 0.000000,
                         0.009551, 0.973499, 0.228491, 0.000000,
                        -0.006047,-0.228441, 0.973539, 0.000000,
                         0.016503,23.334377, 0.008612, 1.000000;;
                      }
                      Frame Armature_mixamorig_LeftHandMiddle2 {
                        FrameTransformMatrix {
                           0.999861, 0.014509, 0.008217, 0.000000,
                          -0.016170, 0.964037, 0.265274, 0.000000,
                          -0.004073,-0.265370, 0.964138, 0.000000,
                           0.000008, 6.996586, 0.000002, 1.000000;;
                        }
                        Frame Armature_mixamorig_LeftHandMiddle3 {
                          FrameTransformMatrix {
                             1.000000, 0.000000, 0.000000, 0.000000,
                            -0.000000, 1.000000,-0.000000, 0.000000,
                            -0.000000, 0.000000, 1.000000, 0.000000,
                             0.000002, 7.016009, 0.000001, 1.000000;;
                          }
                          Frame Armature_mixamorig_LeftHandMiddle4 {
                            FrameTransformMatrix {
                               1.000000,-0.000000,-0.000000, 0.000000,
                               0.000000, 1.000000, 0.000000, 0.000000,
                               0.000000,-0.000000, 1.000000, 0.000000,
                               0.000001, 7.721593, 0.000001, 1.000000;;
                            }
                          } // End of Armature_mixamorig_LeftHandMiddle4
                        } // End of Armature_mixamorig_LeftHandMiddle3
                      } // End of Armature_mixamorig_LeftHandMiddle2
                    } // End of Armature_mixamorig_LeftHandMiddle1
                    Frame Armature_mixamorig_LeftHandPinky1 {
                      FrameTransformMatrix {
                         0.974234,-0.225344,-0.009388, 0.000000,
                         0.218751, 0.933957, 0.282618, 0.000000,
                        -0.054919,-0.277389, 0.959187, 0.000000,
                        11.443206,18.881186, 0.461819, 1.000000;;
                      }
                      Frame Armature_mixamorig_LeftHandPinky2 {
                        FrameTransformMatrix {
                           0.995028, 0.099478, 0.004830, 0.000000,
                          -0.090506, 0.882922, 0.460713, 0.000000,
                           0.041567,-0.458860, 0.887536, 0.000000,
                          -0.000004, 4.919598,-0.000007, 1.000000;;
                        }
                        Frame Armature_mixamorig_LeftHandPinky3 {
                          FrameTransformMatrix {
                             1.000000, 0.000000,-0.000000, 0.000000,
                             0.000000, 1.000000,-0.000000, 0.000000,
                             0.000000, 0.000000, 1.000000, 0.000000,
                             0.000004, 5.233003,-0.000004, 1.000000;;
                          }
                          Frame Armature_mixamorig_LeftHandPinky4 {
                            FrameTransformMatrix {
                               1.000000, 0.000000,-0.000000, 0.000000,
                               0.000000, 1.000000, 0.000000, 0.000000,
                               0.000000,-0.000000, 1.000000, 0.000000,
                               0.000005, 5.571703,-0.000003, 1.000000;;
                            }
                          } // End of Armature_mixamorig_LeftHandPinky4
                        } // End of Armature_mixamorig_LeftHandPinky3
                      } // End of Armature_mixamorig_LeftHandPinky2
                    } // End of Armature_mixamorig_LeftHandPinky1
                    Frame Armature_mixamorig_LeftHandRing1 {
                      FrameTransformMatrix {
                         0.992051,-0.125838, 0.000500, 0.000000,
                         0.118343, 0.934304, 0.336259, 0.000000,
                        -0.042781,-0.333527, 0.941769, 0.000000,
                         6.516901,22.686594, 0.103609, 1.000000;;
                      }
                      Frame Armature_mixamorig_LeftHandRing2 {
                        FrameTransformMatrix {
                           0.999438, 0.033488, 0.001537, 0.000000,
                          -0.032472, 0.955688, 0.292586, 0.000000,
                           0.008329,-0.292472, 0.956238, 0.000000,
                           0.000003, 6.408594, 0.000005, 1.000000;;
                        }
                        Frame Armature_mixamorig_LeftHandRing3 {
                          FrameTransformMatrix {
                             1.000000, 0.000000,-0.000000, 0.000000,
                             0.000000, 1.000000,-0.000000, 0.000000,
                             0.000000,-0.000000, 1.000000, 0.000000,
                            -0.000002, 6.150297,-0.000003, 1.000000;;
                          }
                          Frame Armature_mixamorig_LeftHandRing4 {
                            FrameTransformMatrix {
                               1.000000,-0.000000,-0.000000, 0.000000,
                               0.000000, 1.000000, 0.000000, 0.000000,
                               0.000000,-0.000000, 1.000000, 0.000000,
                              -0.000004, 6.145399,-0.000001, 1.000000;;
                            }
                          } // End of Armature_mixamorig_LeftHandRing4
                        } // End of Armature_mixamorig_LeftHandRing3
                      } // End of Armature_mixamorig_LeftHandRing2
                    } // End of Armature_mixamorig_LeftHandRing1
                    Frame Armature_mixamorig_LeftHandThumb1 {
                      FrameTransformMatrix {
                         0.906180, 0.418932,-0.057749, 0.000000,
                        -0.367255, 0.847292, 0.383694, 0.000000,
                         0.209672,-0.326487, 0.921653, 0.000000,
                        -7.059596, 6.094488, 4.397213, 1.000000;;
                      }
                      Frame Armature_mixamorig_LeftHandThumb2 {
                        FrameTransformMatrix {
                           0.854970,-0.143582,-0.498408, 0.000000,
                           0.242983, 0.959830, 0.140306, 0.000000,
                           0.458241,-0.241062, 0.855514, 0.000000,
                           0.000003, 7.536503,-0.000006, 1.000000;;
                        }
                        Frame Armature_mixamorig_LeftHandThumb3 {
                          FrameTransformMatrix {
                             1.000000, 0.000000,-0.000000, 0.000000,
                            -0.000000, 1.000000,-0.000000, 0.000000,
                             0.000000, 0.000000, 1.000000, 0.000000,
                            -0.000000, 7.512294, 0.000003, 1.000000;;
                          }
                          Frame Armature_mixamorig_LeftHandThumb4 {
                            FrameTransformMatrix {
                               1.000000,-0.000000, 0.000000, 0.000000,
                               0.000000, 1.000000, 0.000000, 0.000000,
                              -0.000000,-0.000000, 1.000000, 0.000000,
                               0.000002,10.212400,-0.000010, 1.000000;;
                            }
                          } // End of Armature_mixamorig_LeftHandThumb4
                        } // End of Armature_mixamorig_LeftHandThumb3
                      } // End of Armature_mixamorig_LeftHandThumb2
                    } // End of Armature_mixamorig_LeftHandThumb1
                  } // End of Armature_mixamorig_LeftHand
                } // End of Armature_mixamorig_LeftForeArm
              } // End of Armature_mixamorig_LeftArm
            } // End of Armature_mixamorig_LeftShoulder
            Frame Armature_mixamorig_Neck {
              FrameTransformMatrix {
                 0.995003,-0.064900,-0.075880, 0.000000,
                 0.076494, 0.983897, 0.161538, 0.000000,
                 0.064175,-0.166535, 0.983945, 0.000000,
                 0.000000,39.117607,11.976992, 1.000000;;
              }
              Frame Armature_mixamorig_Head {
                FrameTransformMatrix {
                   0.996885, 0.057772, 0.053685, 0.000000,
                  -0.071920, 0.945279, 0.318236, 0.000000,
                  -0.032362,-0.321106, 0.946490, 0.000000,
                   0.000000,14.552501,15.664092, 1.000000;;
                }
                Frame Armature_mixamorig_HeadTop_End {
                  FrameTransformMatrix {
                     1.000000, 0.000000,-0.000000, 0.000000,
                    -0.000000, 1.000000,-0.000000, 0.000000,
                    -0.000000, 0.000000, 1.000000, 0.000000,
                     0.000000,15.601700, 7.553695, 1.000000;;
                  }
                } // End of Armature_mixamorig_HeadTop_End
                Frame Armature_mixamorig_Jaw {
                  FrameTransformMatrix {
                     1.000000, 0.000000,-0.000000, 0.000000,
                     0.000000,-0.587429, 0.809276, 0.000000,
                     0.000000,-0.809276,-0.587429, 0.000000,
                     0.000000,-2.317796, 3.620692, 1.000000;;
                  }
                } // End of Armature_mixamorig_Jaw
                Frame Armature_mixamorig_LeftEye {
                  FrameTransformMatrix {
                     1.000000, 0.000000,-0.000000, 0.000000,
                    -0.000000, 1.000000,-0.000000, 0.000000,
                    -0.000000, 0.000000, 1.000000, 0.000000,
                     3.528700, 2.462096,12.838200, 1.000000;;
                  }
                } // End of Armature_mixamorig_LeftEye
                Frame Armature_mixamorig_RightEye {
                  FrameTransformMatrix {
                     1.000000, 0.000000,-0.000000, 0.000000,
                    -0.000000, 1.000000,-0.000000, 0.000000,
                    -0.000000, 0.000000, 1.000000, 0.000000,
                    -3.528700, 2.462096,12.838199, 1.000000;;
                  }
                } // End of Armature_mixamorig_RightEye
              } // End of Armature_mixamorig_Head
            } // End of Armature_mixamorig_Neck
            Frame Armature_mixamorig_RightShoulder {
              FrameTransformMatrix {
                 0.241825,-0.027226, 0.969938, 0.000000,
                -0.966286, 0.084295, 0.243280, 0.000000,
                -0.088384,-0.996069,-0.005923, 0.000000,
                -17.399506,24.614300, 1.157887, 1.000000;;
              }
              Frame Armature_mixamorig_RightArm {
                FrameTransformMatrix {
                   0.552089,-0.522949,-0.649402, 0.000000,
                   0.568191, 0.805981,-0.165992, 0.000000,
                   0.610211,-0.277342, 0.742108, 0.000000,
                   0.000001,19.910404,-0.000002, 1.000000;;
                }
                Frame Armature_mixamorig_RightArmour1 {
                  FrameTransformMatrix {
                    -0.000000,-1.000000,-0.000001, 0.000000,
                    -0.000000, 0.000001,-1.000000, 0.000000,
                     1.000000,-0.000000,-0.000000, 0.000000,
                    -1.467288, 5.012929,-18.471127, 1.000000;;
                  }
                  Frame Armature_mixamorig_RightArmour2 {
                    FrameTransformMatrix {
                      -0.915901, 0.232054,-0.327534, 0.000000,
                      -0.183487,-0.967759,-0.172553, 0.000000,
                      -0.357018,-0.097943, 0.928950, 0.000000,
                       3.884896,-9.462722,-18.584896, 1.000000;;
                    }
                    Frame Armature_mixamorig_RightArmour3 {
                      FrameTransformMatrix {
                         1.000000, 0.000000, 0.000000, 0.000000,
                        -0.000000, 1.000000, 0.000000, 0.000000,
                        -0.000000,-0.000000, 1.000000, 0.000000,
                        -0.000004,11.039499, 0.000004, 1.000000;;
                      }
                    } // End of Armature_mixamorig_RightArmour3
                  } // End of Armature_mixamorig_RightArmour2
                  Frame Armature_mixamorig_RightArmour4 {
                    FrameTransformMatrix {
                       0.708033,-0.251874, 0.659734, 0.000000,
                      -0.431906,-0.893578, 0.122374, 0.000000,
                       0.558701,-0.371588,-0.741469, 0.000000,
                      -2.648907,-11.494610,22.195309, 1.000000;;
                    }
                    Frame Armature_mixamorig_RightArmour5 {
                      FrameTransformMatrix {
                         1.000000, 0.000000, 0.000000, 0.000000,
                        -0.000000, 1.000000, 0.000000, 0.000000,
                        -0.000000,-0.000000, 1.000000, 0.000000,
                         0.000000,11.039510,-0.000009, 1.000000;;
                      }
                    } // End of Armature_mixamorig_RightArmour5
                  } // End of Armature_mixamorig_RightArmour4
                } // End of Armature_mixamorig_RightArmour1
                Frame Armature_mixamorig_RightForeArm {
                  FrameTransformMatrix {
                     0.557859,-0.816482,-0.148831, 0.000000,
                     0.774131, 0.447267, 0.447966, 0.000000,
                    -0.299188,-0.365117, 0.881576, 0.000000,
                     0.000008,49.301296, 0.000025, 1.000000;;
                  }
                  Frame Armature_mixamorig_RightHand {
                    FrameTransformMatrix {
                       0.943880,-0.284445,-0.167874, 0.000000,
                       0.273616, 0.958080,-0.084951, 0.000000,
                       0.185001, 0.034251, 0.982141, 0.000000,
                      -0.000001,31.604996,-0.000001, 1.000000;;
                    }
                    Frame Armature_mixamorig_RightHandIndex1 {
                      FrameTransformMatrix {
                         0.999654,-0.011210,-0.023804, 0.000000,
                         0.015020, 0.985932, 0.166471, 0.000000,
                         0.021603,-0.166771, 0.985759, 0.000000,
                         6.192905,21.270994, 0.499002, 1.000000;;
                      }
                      Frame Armature_mixamorig_RightHandIndex2 {
                        FrameTransformMatrix {
                           0.999902, 0.013023,-0.005119, 0.000000,
                          -0.010201, 0.928833, 0.370359, 0.000000,
                           0.009578,-0.370271, 0.928874, 0.000000,
                          -0.000002, 7.535995,-0.000001, 1.000000;;
                        }
                        Frame Armature_mixamorig_RightHandIndex3 {
                          FrameTransformMatrix {
                             1.000000,-0.000000, 0.000000, 0.000000,
                            -0.000000, 1.000000,-0.000000, 0.000000,
                             0.000000,-0.000000, 1.000000, 0.000000,
                            -0.000003, 7.513009,-0.000001, 1.000000;;
                          }
                          Frame Armature_mixamorig_RightHandIndex4 {
                            FrameTransformMatrix {
                               1.000000,-0.000000, 0.000000, 0.000000,
                              -0.000000, 1.000000,-0.000000, 0.000000,
                              -0.000000, 0.000000, 1.000000, 0.000000,
                               0.000004,10.212008, 0.000003, 1.000000;;
                            }
                          } // End of Armature_mixamorig_RightHandIndex4
                        } // End of Armature_mixamorig_RightHandIndex3
                      } // End of Armature_mixamorig_RightHandIndex2
                    } // End of Armature_mixamorig_RightHandIndex1
                    Frame Armature_mixamorig_RightHandMiddle1 {
                      FrameTransformMatrix {
                         0.999613, 0.014619,-0.023647, 0.000000,
                        -0.008831, 0.973496, 0.228535, 0.000000,
                         0.026361,-0.228238, 0.973249, 0.000000,
                        -0.016497,23.333992, 0.008997, 1.000000;;
                      }
                      Frame Armature_mixamorig_RightHandMiddle2 {
                        FrameTransformMatrix {
                           0.999935,-0.008788,-0.007310, 0.000000,
                           0.010413, 0.964091, 0.265368, 0.000000,
                           0.004716,-0.265427, 0.964119, 0.000000,
                           0.000001, 6.996998,-0.000002, 1.000000;;
                        }
                        Frame Armature_mixamorig_RightHandMiddle3 {
                          FrameTransformMatrix {
                             1.000000, 0.000000, 0.000000, 0.000000,
                            -0.000000, 1.000000,-0.000000, 0.000000,
                            -0.000000, 0.000000, 1.000000, 0.000000,
                            -0.000000, 7.016008, 0.000000, 1.000000;;
                          }
                          Frame Armature_mixamorig_RightHandMiddle4 {
                            FrameTransformMatrix {
                               1.000000, 0.000000, 0.000000, 0.000000,
                              -0.000000, 1.000000, 0.000000, 0.000000,
                              -0.000000,-0.000000, 1.000000, 0.000000,
                               0.000001, 7.720994,-0.000001, 1.000000;;
                            }
                          } // End of Armature_mixamorig_RightHandMiddle4
                        } // End of Armature_mixamorig_RightHandMiddle3
                      } // End of Armature_mixamorig_RightHandMiddle2
                    } // End of Armature_mixamorig_RightHandMiddle1
                    Frame Armature_mixamorig_RightHandPinky1 {
                      FrameTransformMatrix {
                         0.975853, 0.209309, 0.062457, 0.000000,
                        -0.218428, 0.934062, 0.282520, 0.000000,
                         0.000796,-0.289340, 0.957226, 0.000000,
                        -11.443201,18.881002, 0.462005, 1.000000;;
                      }
                      Frame Armature_mixamorig_RightHandPinky2 {
                        FrameTransformMatrix {
                           0.992130,-0.124733,-0.010915, 0.000000,
                           0.116008, 0.882927, 0.454953, 0.000000,
                          -0.047111,-0.452639, 0.890448, 0.000000,
                           0.000001, 4.920000, 0.000001, 1.000000;;
                        }
                        Frame Armature_mixamorig_RightHandPinky3 {
                          FrameTransformMatrix {
                             1.000000,-0.000000, 0.000000, 0.000000,
                             0.000000, 1.000000,-0.000000, 0.000000,
                            -0.000000,-0.000000, 1.000000, 0.000000,
                             0.000001, 5.232998, 0.000001, 1.000000;;
                          }
                          Frame Armature_mixamorig_RightHandPinky4 {
                            FrameTransformMatrix {
                               1.000000, 0.000000, 0.000000, 0.000000,
                              -0.000000, 1.000000, 0.000000, 0.000000,
                               0.000000,-0.000000, 1.000000, 0.000000,
                               0.000002, 5.570997,-0.000002, 1.000000;;
                            }
                          } // End of Armature_mixamorig_RightHandPinky4
                        } // End of Armature_mixamorig_RightHandPinky3
                      } // End of Armature_mixamorig_RightHandPinky2
                    } // End of Armature_mixamorig_RightHandPinky1
                    Frame Armature_mixamorig_RightHandRing1 {
                      FrameTransformMatrix {
                         0.992845, 0.117079, 0.023466, 0.000000,
                        -0.118130, 0.934404, 0.336058, 0.000000,
                         0.017419,-0.336426, 0.941549, 0.000000,
                        -6.516898,22.686001, 0.103995, 1.000000;;
                      }
                      Frame Armature_mixamorig_RightHandRing2 {
                        FrameTransformMatrix {
                           0.999210,-0.039689,-0.002047, 0.000000,
                           0.038561, 0.955792, 0.291504, 0.000000,
                          -0.009613,-0.291353, 0.956567, 0.000000,
                           0.000002, 6.409000, 0.000001, 1.000000;;
                        }
                        Frame Armature_mixamorig_RightHandRing3 {
                          FrameTransformMatrix {
                             1.000000,-0.000000, 0.000000, 0.000000,
                             0.000000, 1.000000,-0.000000, 0.000000,
                            -0.000000, 0.000000, 1.000000, 0.000000,
                             0.000003, 6.150001,-0.000003, 1.000000;;
                          }
                          Frame Armature_mixamorig_RightHandRing4 {
                            FrameTransformMatrix {
                               1.000000,-0.000000,-0.000000, 0.000000,
                              -0.000000, 1.000000, 0.000000, 0.000000,
                              -0.000000, 0.000000, 1.000000, 0.000000,
                               0.000000, 6.145998,-0.000005, 1.000000;;
                            }
                          } // End of Armature_mixamorig_RightHandRing4
                        } // End of Armature_mixamorig_RightHandRing3
                      } // End of Armature_mixamorig_RightHandRing2
                    } // End of Armature_mixamorig_RightHandRing1
                    Frame Armature_mixamorig_RightHandThumb1 {
                      FrameTransformMatrix {
                         0.935882,-0.332879,-0.115402, 0.000000,
                         0.343839, 0.791560, 0.505181, 0.000000,
                        -0.076817,-0.512469, 0.855263, 0.000000,
                         7.059702, 6.093999, 4.396988, 1.000000;;
                      }
                      Frame Armature_mixamorig_RightHandThumb2 {
                        FrameTransformMatrix {
                           0.628779, 0.453157, 0.631891, 0.000000,
                          -0.278326, 0.889954,-0.361270, 0.000000,
                          -0.726066, 0.051287, 0.685710, 0.000000,
                           0.000004, 7.536296, 0.000004, 1.000000;;
                        }
                        Frame Armature_mixamorig_RightHandThumb3 {
                          FrameTransformMatrix {
                             1.000000, 0.000001,-0.000002, 0.000000,
                            -0.000001, 1.000000,-0.000002, 0.000000,
                             0.000002, 0.000002, 1.000000, 0.000000,
                             0.000002, 7.512691, 0.000000, 1.000000;;
                          }
                          Frame Armature_mixamorig_RightHandThumb4 {
                            FrameTransformMatrix {
                               1.000000,-0.000001, 0.000002, 0.000000,
                               0.000001, 1.000000, 0.000001, 0.000000,
                              -0.000002,-0.000001, 1.000000, 0.000000,
                              -0.000000,10.212726,-0.000003, 1.000000;;
                            }
                          } // End of Armature_mixamorig_RightHandThumb4
                        } // End of Armature_mixamorig_RightHandThumb3
                      } // End of Armature_mixamorig_RightHandThumb2
                    } // End of Armature_mixamorig_RightHandThumb1
                  } // End of Armature_mixamorig_RightHand
                } // End of Armature_mixamorig_RightForeArm
              } // End of Armature_mixamorig_RightArm
            } // End of Armature_mixamorig_RightShoulder
          } // End of Armature_mixamorig_Spine2
        } // End of Armature_mixamorig_Spine1
      } // End of Armature_mixamorig_Spine
    } // End of Armature_mixamorig_Hips
  } // End of Armature
} // End of Root
AnimationSet Global {
  Animation {
    {Armature}
    AnimationKey { // Rotation
      0;
      23;
      0;4;-0.707107, 0.707107, 0.000000, 0.000000;;,
      1;4;-0.707107, 0.707107, 0.000000, 0.000000;;,
      2;4;-0.707107, 0.707107, 0.000000, 0.000000;;,
      3;4;-0.707107, 0.707107, 0.000000, 0.000000;;,
      4;4;-0.707107, 0.707107, 0.000000, 0.000000;;,
      5;4;-0.707107, 0.707107, 0.000000, 0.000000;;,
      6;4;-0.707107, 0.707107, 0.000000, 0.000000;;,
      7;4;-0.707107, 0.707107, 0.000000, 0.000000;;,
      8;4;-0.707107, 0.707107, 0.000000, 0.000000;;,
      9;4;-0.707107, 0.707107, 0.000000, 0.000000;;,
      10;4;-0.707107, 0.707107, 0.000000, 0.000000;;,
      11;4;-0.707107, 0.707107, 0.000000, 0.000000;;,
      12;4;-0.707107, 0.707107, 0.000000, 0.000000;;,
      13;4;-0.707107, 0.707107, 0.000000, 0.000000;;,
      14;4;-0.707107, 0.707107, 0.000000, 0.000000;;,
      15;4;-0.707107, 0.707107, 0.000000, 0.000000;;,
      16;4;-0.707107, 0.707107, 0.000000, 0.000000;;,
      17;4;-0.707107, 0.707107, 0.000000, 0.000000;;,
      18;4;-0.707107, 0.707107, 0.000000, 0.000000;;,
      19;4;-0.707107, 0.707107, 0.000000, 0.000000;;,
      20;4;-0.707107, 0.707107, 0.000000, 0.000000;;,
      21;4;-0.707107, 0.707107, 0.000000, 0.000000;;,
      22;4;-0.707107, 0.707107, 0.000000, 0.000000;;;
    }
    AnimationKey { // Scale
      1;
      23;
      0;3; 0.100000, 0.100000, 0.100000;;,
      1;3; 0.100000, 0.100000, 0.100000;;,
      2;3; 0.100000, 0.100000, 0.100000;;,
      3;3; 0.100000, 0.100000, 0.100000;;,
      4;3; 0.100000, 0.100000, 0.100000;;,
      5;3; 0.100000, 0.100000, 0.100000;;,
      6;3; 0.100000, 0.100000, 0.100000;;,
      7;3; 0.100000, 0.100000, 0.100000;;,
      8;3; 0.100000, 0.100000, 0.100000;;,
      9;3; 0.100000, 0.100000, 0.100000;;,
      10;3; 0.100000, 0.100000, 0.100000;;,
      11;3; 0.100000, 0.100000, 0.100000;;,
      12;3; 0.100000, 0.100000, 0.100000;;,
      13;3; 0.100000, 0.100000, 0.100000;;,
      14;3; 0.100000, 0.100000, 0.100000;;,
      15;3; 0.100000, 0.100000, 0.100000;;,
      16;3; 0.100000, 0.100000, 0.100000;;,
      17;3; 0.100000, 0.100000, 0.100000;;,
      18;3; 0.100000, 0.100000, 0.100000;;,
      19;3; 0.100000, 0.100000, 0.100000;;,
      20;3; 0.100000, 0.100000, 0.100000;;,
      21;3; 0.100000, 0.100000, 0.100000;;,
      22;3; 0.100000, 0.100000, 0.100000;;;
    }
    AnimationKey { // Position
      2;
      23;
      0;3; 0.000000, 0.000000, 0.000000;;,
      1;3; 0.000000, 0.000000, 0.000000;;,
      2;3; 0.000000, 0.000000, 0.000000;;,
      3;3; 0.000000, 0.000000, 0.000000;;,
      4;3; 0.000000, 0.000000, 0.000000;;,
      5;3; 0.000000, 0.000000, 0.000000;;,
      6;3; 0.000000, 0.000000, 0.000000;;,
      7;3; 0.000000, 0.000000, 0.000000;;,
      8;3; 0.000000, 0.000000, 0.000000;;,
      9;3; 0.000000, 0.000000, 0.000000;;,
      10;3; 0.000000, 0.000000, 0.000000;;,
      11;3; 0.000000, 0.000000, 0.000000;;,
      12;3; 0.000000, 0.000000, 0.000000;;,
      13;3; 0.000000, 0.000000, 0.000000;;,
      14;3; 0.000000, 0.000000, 0.000000;;,
      15;3; 0.000000, 0.000000, 0.000000;;,
      16;3; 0.000000, 0.000000, 0.000000;;,
      17;3; 0.000000, 0.000000, 0.000000;;,
      18;3; 0.000000, 0.000000, 0.000000;;,
      19;3; 0.000000, 0.000000, 0.000000;;,
      20;3; 0.000000, 0.000000, 0.000000;;,
      21;3; 0.000000, 0.000000, 0.000000;;,
      22;3; 0.000000, 0.000000, 0.000000;;;
    }
  }
  Animation {
    {Armature_mixamorig_Hips}
    AnimationKey { // Rotation
      0;
      23;
      0;4;-0.754634, 0.655758, 0.014486,-0.017325;;,
      1;4;-0.700085, 0.713679, 0.010555,-0.020780;;,
      2;4;-0.635685, 0.771481, 0.005759,-0.026251;;,
      3;4;-0.561540, 0.826802,-0.000005,-0.032723;;,
      4;4;-0.478409, 0.877243,-0.005845,-0.039195;;,
      5;4;-0.387502, 0.920715,-0.010740,-0.044847;;,
      6;4;-0.290709, 0.955450,-0.014252,-0.048990;;,
