xof 0303txt 0032

Frame Root {
  FrameTransformMatrix {
     1.000000, 0.000000, 0.000000, 0.000000,
     0.000000,-0.000000,-1.000000, 0.000000,
     0.000000, 1.000000,-0.000000, 0.000000,
     0.000000, 0.000000, 0.000000, 1.000000;;
  }
  Frame Armature {
    FrameTransformMatrix {
       0.100000, 0.000000, 0.000000, 0.000000,
       0.000000,-0.000000, 0.100000, 0.000000,
       0.000000,-0.100000,-0.000000, 0.000000,
       0.000000, 0.000000, 0.000000, 1.000000;;
    }
    Frame Armature_mixamorig_Hips {
      FrameTransformMatrix {
         0.992222, 0.079078,-0.096135, 0.000000,
        -0.067744, 0.990944, 0.115934, 0.000000,
         0.104433,-0.108520, 0.988594, 0.000000,
         3.813748,88.793228, 1.348652, 1.000000;;
      }
      Frame Armature_mixamorig_BackCloth1 {
        FrameTransformMatrix {
          -0.000002,-1.000000,-0.000000, 0.000000,
           1.000000,-0.000002, 0.000000, 0.000000,
          -0.000000, 0.000000, 1.000000, 0.000000,
           0.000001,-5.419201,-29.327002, 1.000000;;
        }
        Frame Armature_mixamorig_BackCloth2 {
          FrameTransformMatrix {
             1.000000, 0.000000,-0.000000, 0.000000,
             0.000000, 1.000000,-0.000000, 0.000000,
            -0.000000,-0.000000, 1.000000, 0.000000,
            15.308592, 0.000001,-0.000003, 1.000000;;
          }
          Frame Armature_mixamorig_BackCloth3 {
            FrameTransformMatrix {
               1.000000, 0.000000,-0.000000, 0.000000,
               0.000000, 1.000000,-0.000000, 0.000000,
              -0.000000,-0.000000, 1.000000, 0.000000,
              17.777105, 0.000001,-0.000001, 1.000000;;
            }
            Frame Armature_mixamorig_BackCloth4 {
              FrameTransformMatrix {
                 1.000000, 0.000000,-0.000000, 0.000000,
                 0.000000, 1.000000,-0.000000, 0.000000,
                -0.000000,-0.000000, 1.000000, 0.000000,
                15.545404, 0.000001,-0.000000, 1.000000;;
              }
            } // End of Armature_mixamorig_BackCloth4
          } // End of Armature_mixamorig_BackCloth3
        } // End of Armature_mixamorig_BackCloth2
      } // End of Armature_mixamorig_BackCloth1
      Frame Armature_mixamorig_FrontCloth1 {
        FrameTransformMatrix {
           1.000000,-0.000002,-0.000000, 0.000000,
          -0.000002,-1.000000, 0.000000, 0.000000,
          -0.000000,-0.000000,-1.000000, 0.000000,
           0.000001,-19.940701,22.170198, 1.000000;;
        }
        Frame Armature_mixamorig_FrontCloth2 {
          FrameTransformMatrix {
            -1.000000, 0.000000, 0.000000, 0.000000,
            -0.000000, 1.000000, 0.000000, 0.000000,
            -0.000000, 0.000000,-1.000000, 0.000000,
             0.000000,10.763300,-0.000001, 1.000000;;
          }
          Frame Armature_mixamorig_FrontCloth3 {
            FrameTransformMatrix {
              -1.000000, 0.000000,-0.000000, 0.000000,
               0.000000, 1.000000,-0.000000, 0.000000,
               0.000000,-0.000000,-1.000000, 0.000000,
               0.000001,13.749513, 0.000002, 1.000000;;
            }
            Frame Armature_mixamorig_FrontCloth4 {
              FrameTransformMatrix {
                 1.000000, 0.000000,-0.000000, 0.000000,
                -0.000000, 1.000000,-0.000000, 0.000000,
                 0.000000, 0.000000, 1.000000, 0.000000,
                -0.000001,14.182596,-0.000001, 1.000000;;
              }
            } // End of Armature_mixamorig_FrontCloth4
          } // End of Armature_mixamorig_FrontCloth3
        } // End of Armature_mixamorig_FrontCloth2
      } // End of Armature_mixamorig_FrontCloth1
      Frame Armature_mixamorig_LeftUpLeg {
        FrameTransformMatrix {
          -0.993998, 0.057162, 0.093281, 0.000000,
           0.030186,-0.676244, 0.736059, 0.000000,
           0.105155, 0.734456, 0.670460, 0.000000,
          19.899096,-7.885098,-3.429501, 1.000000;;
        }
        Frame Armature_mixamorig_LeftLeg {
          FrameTransformMatrix {
             0.987694,-0.152939,-0.032704, 0.000000,
            -0.042517,-0.061339,-0.997211, 0.000000,
             0.150506, 0.986330,-0.067087, 0.000000,
             0.000001,38.282909,-0.000001, 1.000000;;
          }
          Frame Armature_mixamorig_LeftFoot {
            FrameTransformMatrix {
               0.995384,-0.090670,-0.031443, 0.000000,
               0.065839, 0.406829, 0.911128, 0.000000,
              -0.069821,-0.908993, 0.410921, 0.000000,
              -0.000002,32.683979, 0.000000, 1.000000;;
            }
            Frame Armature_mixamorig_LeftToeBase {
              FrameTransformMatrix {
                 0.999993, 0.003749, 0.000191, 0.000000,
                -0.002187, 0.540576, 0.841292, 0.000000,
                 0.003051,-0.841287, 0.540580, 0.000000,
                 0.000000,27.100006, 0.000000, 1.000000;;
              }
              Frame Armature_mixamorig_LeftToe_End {
                FrameTransformMatrix {
                   1.000000, 0.000000, 0.000000, 0.000000,
                  -0.000000, 1.000000, 0.000000, 0.000000,
                  -0.000000,-0.000000, 1.000000, 0.000000,
                  -0.000000,16.631996, 0.000000, 1.000000;;
                }
              } // End of Armature_mixamorig_LeftToe_End
            } // End of Armature_mixamorig_LeftToeBase
          } // End of Armature_mixamorig_LeftFoot
        } // End of Armature_mixamorig_LeftLeg
      } // End of Armature_mixamorig_LeftUpLeg
      Frame Armature_mixamorig_RightUpLeg {
        FrameTransformMatrix {
          -0.972254, 0.158907,-0.171668, 0.000000,
          -0.224770,-0.837909, 0.497379, 0.000000,
          -0.064805, 0.522164, 0.850376, 0.000000,
          -19.899097,-7.884995,-3.429501, 1.000000;;
        }
        Frame Armature_mixamorig_RightLeg {
          FrameTransformMatrix {
             0.991285,-0.109280,-0.073566, 0.000000,
            -0.035219, 0.318270,-0.947345, 0.000000,
             0.126940, 0.941680, 0.311648, 0.000000,
            -0.000001,38.282913,-0.000002, 1.000000;;
          }
          Frame Armature_mixamorig_RightFoot {
            FrameTransformMatrix {
               0.985467, 0.141819, 0.093499, 0.000000,
              -0.115677, 0.157210, 0.980767, 0.000000,
               0.124393,-0.977329, 0.171331, 0.000000,
              -0.000003,32.684067,-0.000002, 1.000000;;
            }
            Frame Armature_mixamorig_RightToeBase {
              FrameTransformMatrix {
                 1.000000,-0.000297, 0.000117, 0.000000,
                 0.000067, 0.553166, 0.833071, 0.000000,
                -0.000312,-0.833071, 0.553166, 0.000000,
                 0.000004,27.100008,-0.000000, 1.000000;;
              }
              Frame Armature_mixamorig_RightToe_End {
                FrameTransformMatrix {
                   1.000000,-0.000000,-0.000000, 0.000000,
                   0.000000, 1.000000, 0.000000, 0.000000,
                   0.000000,-0.000000, 1.000000, 0.000000,
                  -0.000003,16.631947,-0.000000, 1.000000;;
                }
              } // End of Armature_mixamorig_RightToe_End
            } // End of Armature_mixamorig_RightToeBase
          } // End of Armature_mixamorig_RightFoot
        } // End of Armature_mixamorig_RightLeg
      } // End of Armature_mixamorig_RightUpLeg
      Frame Armature_mixamorig_Spine {
        FrameTransformMatrix {
           0.999739, 0.007050,-0.021717, 0.000000,
          -0.004529, 0.993469, 0.114012, 0.000000,
           0.022379,-0.113884, 0.993242, 0.000000,
           0.000001,13.784801, 0.064400, 1.000000;;
        }
        Frame Armature_mixamorig_Spine1 {
          FrameTransformMatrix {
             0.998453,-0.042349,-0.036035, 0.000000,
             0.047598, 0.985950, 0.160118, 0.000000,
             0.028748,-0.161586, 0.986440, 0.000000,
             0.000000,12.024296,-0.000002, 1.000000;;
          }
          Frame Armature_mixamorig_Spine2 {
            FrameTransformMatrix {
               0.998572,-0.041292,-0.033896, 0.000000,
               0.045834, 0.988150, 0.146489, 0.000000,
               0.027445,-0.147833, 0.988632, 0.000000,
              -0.000001,17.815800,-0.000001, 1.000000;;
            }
            Frame Armature_mixamorig_LeftShoulder {
              FrameTransformMatrix {
                 0.105056, 0.024982,-0.994153, 0.000000,
                 0.979787, 0.168533, 0.107773, 0.000000,
                 0.170240,-0.985379,-0.006772, 0.000000,
                17.399500,24.614185, 1.157907, 1.000000;;
              }
              Frame Armature_mixamorig_LeftArm {
                FrameTransformMatrix {
                   0.964047, 0.197038, 0.178297, 0.000000,
                  -0.262728, 0.606144, 0.750709, 0.000000,
                   0.039844,-0.770562, 0.636119, 0.000000,
                   0.000012,19.910400,-0.000005, 1.000000;;
                }
                Frame Armature_mixamorig_LeftForeArm {
                  FrameTransformMatrix {
                     0.526057, 0.850331, 0.014191, 0.000000,
                    -0.850412, 0.526117,-0.000550, 0.000000,
                    -0.007934,-0.011779, 0.999899, 0.000000,
                    -0.000001,49.301300,-0.000006, 1.000000;;
                  }
                  Frame Armature_mixamorig_LeftHand {
                    FrameTransformMatrix {
                       0.953648, 0.189930, 0.233413, 0.000000,
                      -0.227896, 0.962368, 0.148022, 0.000000,
                      -0.196516,-0.194355, 0.961045, 0.000000,
                      -0.000008,31.604702,-0.000005, 1.000000;;
                    }
                    Frame Armature_mixamorig_LeftHandIndex1 {
                      FrameTransformMatrix {
                         0.981137,-0.191019,-0.029690, 0.000000,
                         0.156800, 0.696555, 0.700161, 0.000000,
                        -0.113063,-0.691609, 0.713368, 0.000000,
                        -6.192904,21.271088, 0.498705, 1.000000;;
                      }
                      Frame Armature_mixamorig_LeftHandIndex2 {
                        FrameTransformMatrix {
                           0.999225,-0.038478,-0.008259, 0.000000,
                           0.038478, 0.911185, 0.410197, 0.000000,
                          -0.008259,-0.410197, 0.911959, 0.000000,
                           0.000004, 7.536492,-0.000002, 1.000000;;
                        }
                        Frame Armature_mixamorig_LeftHandIndex3 {
                          FrameTransformMatrix {
                             0.999993, 0.001328, 0.003376, 0.000000,
                            -0.002285, 0.953378, 0.301770, 0.000000,
                            -0.002818,-0.301776, 0.953375, 0.000000,
                             0.000004, 7.512287, 0.000002, 1.000000;;
                          }
                          Frame Armature_mixamorig_LeftHandIndex4 {
                            FrameTransformMatrix {
                               1.000000, 0.000000, 0.000000, 0.000000,
                              -0.000000, 1.000000,-0.000000, 0.000000,
                               0.000000, 0.000000, 1.000000, 0.000000,
                               0.000000,10.212400, 0.000004, 1.000000;;
                            }
                          } // End of Armature_mixamorig_LeftHandIndex4
                        } // End of Armature_mixamorig_LeftHandIndex3
                      } // End of Armature_mixamorig_LeftHandIndex2
                    } // End of Armature_mixamorig_LeftHandIndex1
                    Frame Armature_mixamorig_LeftHandMiddle1 {
                      FrameTransformMatrix {
                         0.981102,-0.191176,-0.029848, 0.000000,
                         0.156749, 0.694845, 0.701869, 0.000000,
                        -0.113441,-0.693284, 0.711680, 0.000000,
                         0.016506,23.334381, 0.008606, 1.000000;;
                      }
                      Frame Armature_mixamorig_LeftHandMiddle2 {
                        FrameTransformMatrix {
                           0.999217,-0.038684,-0.008352, 0.000000,
                           0.038684, 0.910186, 0.412389, 0.000000,
                          -0.008351,-0.412389, 0.910969, 0.000000,
                          -0.000004, 6.996595,-0.000006, 1.000000;;
                        }
                        Frame Armature_mixamorig_LeftHandMiddle3 {
                          FrameTransformMatrix {
                             0.999796,-0.020095,-0.002178, 0.000000,
                             0.020095, 0.976578, 0.214225, 0.000000,
                            -0.002178,-0.214225, 0.976782, 0.000000,
                             0.000004, 7.016003,-0.000010, 1.000000;;
                          }
                          Frame Armature_mixamorig_LeftHandMiddle4 {
                            FrameTransformMatrix {
                               1.000000,-0.000000, 0.000000, 0.000000,
                               0.000000, 1.000000, 0.000000, 0.000000,
                               0.000000, 0.000000, 1.000000, 0.000000,
                              -0.000006, 7.721593,-0.000002, 1.000000;;
                            }
                          } // End of Armature_mixamorig_LeftHandMiddle4
                        } // End of Armature_mixamorig_LeftHandMiddle3
                      } // End of Armature_mixamorig_LeftHandMiddle2
                    } // End of Armature_mixamorig_LeftHandMiddle1
                    Frame Armature_mixamorig_LeftHandPinky1 {
                      FrameTransformMatrix {
                         0.981009,-0.191588,-0.030267, 0.000000,
                         0.156610, 0.690319, 0.706352, 0.000000,
                        -0.114435,-0.697678, 0.707213, 0.000000,
                        11.443201,18.881187, 0.461815, 1.000000;;
                      }
                      Frame Armature_mixamorig_LeftHandPinky2 {
                        FrameTransformMatrix {
                           0.999209,-0.038870,-0.008436, 0.000000,
                           0.038870, 0.909274, 0.414380, 0.000000,
                          -0.008436,-0.414379, 0.910065, 0.000000,
                           0.000000, 4.919599,-0.000006, 1.000000;;
                        }
                        Frame Armature_mixamorig_LeftHandPinky3 {
                          FrameTransformMatrix {
                             0.999792,-0.020296,-0.002222, 0.000000,
                             0.020296, 0.976102, 0.216360, 0.000000,
                            -0.002222,-0.216361, 0.976311, 0.000000,
                            -0.000004, 5.233000,-0.000004, 1.000000;;
                          }
                          Frame Armature_mixamorig_LeftHandPinky4 {
                            FrameTransformMatrix {
                               1.000000,-0.000000,-0.000000, 0.000000,
                              -0.000000, 1.000000, 0.000000, 0.000000,
                               0.000000,-0.000000, 1.000000, 0.000000,
                               0.000004, 5.571689, 0.000000, 1.000000;;
                            }
                          } // End of Armature_mixamorig_LeftHandPinky4
                        } // End of Armature_mixamorig_LeftHandPinky3
                      } // End of Armature_mixamorig_LeftHandPinky2
                    } // End of Armature_mixamorig_LeftHandPinky1
                    Frame Armature_mixamorig_LeftHandRing1 {
                      FrameTransformMatrix {
                         0.981070,-0.191318,-0.029992, 0.000000,
                         0.156702, 0.693287, 0.703418, 0.000000,
                        -0.113784,-0.694802, 0.710143, 0.000000,
                         6.516901,22.686594, 0.103606, 1.000000;;
                      }
                      Frame Armature_mixamorig_LeftHandRing2 {
                        FrameTransformMatrix {
                           0.999209,-0.038871,-0.008436, 0.000000,
                           0.038871, 0.909274, 0.414379, 0.000000,
                          -0.008436,-0.414379, 0.910065, 0.000000,
                          -0.000006, 6.408602, 0.000002, 1.000000;;
                        }
                        Frame Armature_mixamorig_LeftHandRing3 {
                          FrameTransformMatrix {
                             0.999792,-0.020296,-0.002222, 0.000000,
                             0.020296, 0.976102, 0.216361, 0.000000,
                            -0.002222,-0.216361, 0.976311, 0.000000,
                            -0.000006, 6.150290,-0.000002, 1.000000;;
                          }
                          Frame Armature_mixamorig_LeftHandRing4 {
                            FrameTransformMatrix {
                               1.000000, 0.000000,-0.000000, 0.000000,
                              -0.000000, 1.000000,-0.000000, 0.000000,
                              -0.000000, 0.000000, 1.000000, 0.000000,
                              -0.000002, 6.145397, 0.000001, 1.000000;;
                            }
                          } // End of Armature_mixamorig_LeftHandRing4
                        } // End of Armature_mixamorig_LeftHandRing3
                      } // End of Armature_mixamorig_LeftHandRing2
                    } // End of Armature_mixamorig_LeftHandRing1
                    Frame Armature_mixamorig_LeftHandThumb1 {
                      FrameTransformMatrix {
                         0.799307, 0.599879, 0.035424, 0.000000,
                        -0.533642, 0.681475, 0.500818, 0.000000,
                         0.276289,-0.419211, 0.864828, 0.000000,
                        -7.059597, 6.094489, 4.397214, 1.000000;;
                      }
                      Frame Armature_mixamorig_LeftHandThumb2 {
                        FrameTransformMatrix {
                           0.940462,-0.339227, 0.021364, 0.000000,
                           0.339895, 0.938284,-0.063984, 0.000000,
                           0.001659, 0.067436, 0.997722, 0.000000,
                           0.000000, 7.536499,-0.000002, 1.000000;;
                        }
                        Frame Armature_mixamorig_LeftHandThumb3 {
                          FrameTransformMatrix {
                             0.980472,-0.196447, 0.009130, 0.000000,
                             0.196458, 0.976317,-0.090609, 0.000000,
                             0.008885, 0.090633, 0.995845, 0.000000,
                            -0.000008, 7.512295,-0.000004, 1.000000;;
                          }
                          Frame Armature_mixamorig_LeftHandThumb4 {
                            FrameTransformMatrix {
                               1.000000,-0.000000, 0.000000, 0.000000,
                               0.000000, 1.000000, 0.000000, 0.000000,
                              -0.000000,-0.000000, 1.000000, 0.000000,
                              -0.000004,10.212400, 0.000004, 1.000000;;
                            }
                          } // End of Armature_mixamorig_LeftHandThumb4
                        } // End of Armature_mixamorig_LeftHandThumb3
                      } // End of Armature_mixamorig_LeftHandThumb2
                    } // End of Armature_mixamorig_LeftHandThumb1
                  } // End of Armature_mixamorig_LeftHand
                } // End of Armature_mixamorig_LeftForeArm
              } // End of Armature_mixamorig_LeftArm
            } // End of Armature_mixamorig_LeftShoulder
            Frame Armature_mixamorig_Neck {
              FrameTransformMatrix {
                 0.996060, 0.059145, 0.066080, 0.000000,
                -0.060286, 0.998062, 0.015413, 0.000000,
                -0.065040,-0.019336, 0.997695, 0.000000,
                -0.000000,39.117588,11.977001, 1.000000;;
              }
              Frame Armature_mixamorig_Head {
                FrameTransformMatrix {
                   0.985742, 0.011042, 0.167902, 0.000000,
                   0.049238, 0.935237,-0.350582, 0.000000,
                  -0.160899, 0.353851, 0.921358, 0.000000,
                   0.000000,14.552493,15.664104, 1.000000;;
                }
                Frame Armature_mixamorig_HeadTop_End {
                  FrameTransformMatrix {
                     1.000000,-0.000000, 0.000000, 0.000000,
                    -0.000000, 1.000000, 0.000000, 0.000000,
                     0.000000, 0.000000, 1.000000, 0.000000,
                     0.000000,15.601689, 7.553708, 1.000000;;
                  }
                } // End of Armature_mixamorig_HeadTop_End
                Frame Armature_mixamorig_Jaw {
                  FrameTransformMatrix {
                     1.000000,-0.000000, 0.000000, 0.000000,
                    -0.000000,-0.587429, 0.809276, 0.000000,
                     0.000000,-0.809276,-0.587429, 0.000000,
                     0.000001,-2.317803, 3.620705, 1.000000;;
                  }
                } // End of Armature_mixamorig_Jaw
                Frame Armature_mixamorig_LeftEye {
                  FrameTransformMatrix {
                     1.000000,-0.000000, 0.000000, 0.000000,
                    -0.000000, 1.000000, 0.000000, 0.000000,
                     0.000000, 0.000000, 1.000000, 0.000000,
                     3.528700, 2.462100,12.838204, 1.000000;;
                  }
                } // End of Armature_mixamorig_LeftEye
                Frame Armature_mixamorig_RightEye {
                  FrameTransformMatrix {
                     1.000000,-0.000000, 0.000000, 0.000000,
                    -0.000000, 1.000000, 0.000000, 0.000000,
                     0.000000, 0.000000, 1.000000, 0.000000,
                    -3.528699, 2.462090,12.838207, 1.000000;;
                  }
                } // End of Armature_mixamorig_RightEye
              } // End of Armature_mixamorig_Head
            } // End of Armature_mixamorig_Neck
            Frame Armature_mixamorig_RightShoulder {
              FrameTransformMatrix {
                 0.149341,-0.017520, 0.988631, 0.000000,
                -0.986987, 0.057639, 0.150114, 0.000000,
                -0.059614,-0.998184,-0.008685, 0.000000,
                -17.399502,24.614296, 1.157900, 1.000000;;
              }
              Frame Armature_mixamorig_RightArm {
                FrameTransformMatrix {
                   0.958182, 0.150421, 0.243438, 0.000000,
                  -0.284904, 0.581124, 0.762315, 0.000000,
                  -0.026799,-0.799793, 0.599678, 0.000000,
                   0.000006,19.910402, 0.000019, 1.000000;;
                }
                Frame Armature_mixamorig_RightArmour1 {
                  FrameTransformMatrix {
                    -0.000000,-1.000000,-0.000001, 0.000000,
                    -0.000000, 0.000001,-1.000000, 0.000000,
                     1.000000,-0.000000,-0.000000, 0.000000,
                    -1.467313, 5.012920,-18.471134, 1.000000;;
                  }
                  Frame Armature_mixamorig_RightArmour2 {
                    FrameTransformMatrix {
                      -0.915901, 0.232054,-0.327534, 0.000000,
                      -0.183487,-0.967759,-0.172553, 0.000000,
                      -0.357018,-0.097943, 0.928950, 0.000000,
                       3.884919,-9.462723,-18.584908, 1.000000;;
                    }
                    Frame Armature_mixamorig_RightArmour3 {
                      FrameTransformMatrix {
                         1.000000, 0.000000, 0.000000, 0.000000,
                        -0.000000, 1.000000, 0.000000, 0.000000,
                        -0.000000,-0.000000, 1.000000, 0.000000,
                         0.000005,11.039499,-0.000020, 1.000000;;
                      }
                    } // End of Armature_mixamorig_RightArmour3
                  } // End of Armature_mixamorig_RightArmour2
                  Frame Armature_mixamorig_RightArmour4 {
                    FrameTransformMatrix {
                       0.708033,-0.251874, 0.659734, 0.000000,
                      -0.431906,-0.893578, 0.122374, 0.000000,
                       0.558701,-0.371588,-0.741469, 0.000000,
                      -2.648890,-11.494608,22.195301, 1.000000;;
                    }
                    Frame Armature_mixamorig_RightArmour5 {
                      FrameTransformMatrix {
                         1.000000, 0.000000, 0.000000, 0.000000,
                        -0.000000, 1.000000, 0.000000, 0.000000,
                        -0.000000, 0.000000, 1.000000, 0.000000,
                        -0.000002,11.039497,-0.000006, 1.000000;;
                      }
                    } // End of Armature_mixamorig_RightArmour5
                  } // End of Armature_mixamorig_RightArmour4
                } // End of Armature_mixamorig_RightArmour1
                Frame Armature_mixamorig_RightForeArm {
                  FrameTransformMatrix {
                     0.305273,-0.949197,-0.076371, 0.000000,
                     0.951977, 0.306170,-0.000027, 0.000000,
                     0.023408,-0.072695, 0.997079, 0.000000,
                    -0.000003,49.301296, 0.000020, 1.000000;;
                  }
                  Frame Armature_mixamorig_RightHand {
                    FrameTransformMatrix {
                       0.955715, 0.062228,-0.287640, 0.000000,
                       0.023547, 0.958087, 0.285509, 0.000000,
                       0.293351,-0.279638, 0.914193, 0.000000,
                       0.000000,31.605000, 0.000000, 1.000000;;
                    }
                    Frame Armature_mixamorig_RightHandIndex1 {
                      FrameTransformMatrix {
                         0.981182, 0.190819, 0.029492, 0.000000,
                        -0.156866, 0.698719, 0.697986, 0.000000,
                         0.112582,-0.689478, 0.715503, 0.000000,
                         6.192905,21.270990, 0.499003, 1.000000;;
                      }
                      Frame Armature_mixamorig_RightHandIndex2 {
                        FrameTransformMatrix {
                           0.999240, 0.038118, 0.008097, 0.000000,
                          -0.038118, 0.912924, 0.406346, 0.000000,
                           0.008097,-0.406346, 0.913683, 0.000000,
                          -0.000002, 7.536008,-0.000002, 1.000000;;
                        }
                        Frame Armature_mixamorig_RightHandIndex3 {
                          FrameTransformMatrix {
                             0.999992,-0.001699,-0.003495, 0.000000,
                             0.002663, 0.954643, 0.297740, 0.000000,
                             0.002830,-0.297747, 0.954641, 0.000000,
                             0.000003, 7.512995,-0.000003, 1.000000;;
                          }
                          Frame Armature_mixamorig_RightHandIndex4 {
                            FrameTransformMatrix {
                               1.000000,-0.000000, 0.000000, 0.000000,
                              -0.000000, 1.000000,-0.000000, 0.000000,
                               0.000000, 0.000000, 1.000000, 0.000000,
                              -0.000006,10.212008,-0.000004, 1.000000;;
                            }
                          } // End of Armature_mixamorig_RightHandIndex4
                        } // End of Armature_mixamorig_RightHandIndex3
                      } // End of Armature_mixamorig_RightHandIndex2
                    } // End of Armature_mixamorig_RightHandIndex1
                    Frame Armature_mixamorig_RightHandMiddle1 {
                      FrameTransformMatrix {
                         0.981182, 0.190819, 0.029492, 0.000000,
                        -0.156866, 0.698719, 0.697987, 0.000000,
                         0.112582,-0.689478, 0.715503, 0.000000,
                        -0.016499,23.333990, 0.008993, 1.000000;;
                      }
                      Frame Armature_mixamorig_RightHandMiddle2 {
                        FrameTransformMatrix {
                           0.999240, 0.038118, 0.008097, 0.000000,
                          -0.038118, 0.912924, 0.406346, 0.000000,
                           0.008097,-0.406346, 0.913683, 0.000000,
                           0.000000, 6.996990, 0.000003, 1.000000;;
                        }
                        Frame Armature_mixamorig_RightHandMiddle3 {
                          FrameTransformMatrix {
                             0.999808, 0.019488, 0.002047, 0.000000,
                            -0.019488, 0.977989, 0.207745, 0.000000,
                             0.002047,-0.207745, 0.978181, 0.000000,
                            -0.000007, 7.016010,-0.000004, 1.000000;;
                          }
                          Frame Armature_mixamorig_RightHandMiddle4 {
                            FrameTransformMatrix {
                               1.000000, 0.000000,-0.000000, 0.000000,
                              -0.000000, 1.000000, 0.000000, 0.000000,
                              -0.000000, 0.000000, 1.000000, 0.000000,
                               0.000004, 7.720991,-0.000000, 1.000000;;
                            }
                          } // End of Armature_mixamorig_RightHandMiddle4
                        } // End of Armature_mixamorig_RightHandMiddle3
                      } // End of Armature_mixamorig_RightHandMiddle2
                    } // End of Armature_mixamorig_RightHandMiddle1
                    Frame Armature_mixamorig_RightHandPinky1 {
                      FrameTransformMatrix {
                         0.981182, 0.190819, 0.029492, 0.000000,
                        -0.156866, 0.698719, 0.697986, 0.000000,
                         0.112582,-0.689478, 0.715503, 0.000000,
                        -11.443201,18.880995, 0.462004, 1.000000;;
                      }
                      Frame Armature_mixamorig_RightHandPinky2 {
                        FrameTransformMatrix {
                           0.999240, 0.038118, 0.008097, 0.000000,
                          -0.038118, 0.912924, 0.406346, 0.000000,
                           0.008097,-0.406346, 0.913683, 0.000000,
                           0.000001, 4.920002,-0.000004, 1.000000;;
                        }
                        Frame Armature_mixamorig_RightHandPinky3 {
                          FrameTransformMatrix {
                             0.999808, 0.019488, 0.002047, 0.000000,
                            -0.019488, 0.977989, 0.207746, 0.000000,
                             0.002047,-0.207746, 0.978181, 0.000000,
                            -0.000000, 5.233006,-0.000006, 1.000000;;
                          }
                          Frame Armature_mixamorig_RightHandPinky4 {
                            FrameTransformMatrix {
                               1.000000,-0.000000,-0.000000, 0.000000,
                               0.000000, 1.000000, 0.000000, 0.000000,
                               0.000000, 0.000000, 1.000000, 0.000000,
                               0.000006, 5.570994, 0.000004, 1.000000;;
                            }
                          } // End of Armature_mixamorig_RightHandPinky4
                        } // End of Armature_mixamorig_RightHandPinky3
                      } // End of Armature_mixamorig_RightHandPinky2
                    } // End of Armature_mixamorig_RightHandPinky1
                    Frame Armature_mixamorig_RightHandRing1 {
                      FrameTransformMatrix {
                         0.981182, 0.190819, 0.029492, 0.000000,
                        -0.156866, 0.698719, 0.697986, 0.000000,
                         0.112582,-0.689478, 0.715503, 0.000000,
                        -6.516901,22.685997, 0.103989, 1.000000;;
                      }
                      Frame Armature_mixamorig_RightHandRing2 {
                        FrameTransformMatrix {
                           0.999240, 0.038118, 0.008097, 0.000000,
                          -0.038118, 0.912924, 0.406346, 0.000000,
                           0.008097,-0.406346, 0.913684, 0.000000,
                          -0.000003, 6.409001,-0.000008, 1.000000;;
                        }
                        Frame Armature_mixamorig_RightHandRing3 {
                          FrameTransformMatrix {
                             0.999808, 0.019488, 0.002047, 0.000000,
                            -0.019488, 0.977989, 0.207746, 0.000000,
                             0.002047,-0.207746, 0.978181, 0.000000,
                            -0.000004, 6.149996,-0.000003, 1.000000;;
                          }
                          Frame Armature_mixamorig_RightHandRing4 {
                            FrameTransformMatrix {
                               1.000000, 0.000000,-0.000000, 0.000000,
                               0.000000, 1.000000, 0.000000, 0.000000,
                              -0.000000, 0.000000, 1.000000, 0.000000,
                              -0.000010, 6.145997,-0.000001, 1.000000;;
                            }
                          } // End of Armature_mixamorig_RightHandRing4
                        } // End of Armature_mixamorig_RightHandRing3
                      } // End of Armature_mixamorig_RightHandRing2
                    } // End of Armature_mixamorig_RightHandRing1
                    Frame Armature_mixamorig_RightHandThumb1 {
                      FrameTransformMatrix {
                         0.803076,-0.594622,-0.038658, 0.000000,
                         0.530542, 0.683981, 0.500695, 0.000000,
                        -0.271283,-0.422606, 0.864760, 0.000000,
                         7.059704, 6.093997, 4.396992, 1.000000;;
                      }
                      Frame Armature_mixamorig_RightHandThumb2 {
                        FrameTransformMatrix {
                           0.942580, 0.333301,-0.021293, 0.000000,
                          -0.333962, 0.939928,-0.070742, 0.000000,
                          -0.003564, 0.073791, 0.997267, 0.000000,
                          -0.000003, 7.536306,-0.000002, 1.000000;;
                        }
                        Frame Armature_mixamorig_RightHandThumb3 {
                          FrameTransformMatrix {
                             0.981109, 0.193246,-0.008975, 0.000000,
                            -0.193245, 0.976830,-0.091972, 0.000000,
                            -0.009006, 0.091969, 0.995721, 0.000000,
                             0.000004, 7.512697,-0.000003, 1.000000;;
                          }
                          Frame Armature_mixamorig_RightHandThumb4 {
                            FrameTransformMatrix {
                               1.000000,-0.000001, 0.000002, 0.000000,
                               0.000001, 1.000000, 0.000001, 0.000000,
                              -0.000002,-0.000001, 1.000000, 0.000000,
                              -0.000004,10.212718, 0.000006, 1.000000;;
                            }
                          } // End of Armature_mixamorig_RightHandThumb4
                        } // End of Armature_mixamorig_RightHandThumb3
                      } // End of Armature_mixamorig_RightHandThumb2
                    } // End of Armature_mixamorig_RightHandThumb1
                  } // End of Armature_mixamorig_RightHand
                } // End of Armature_mixamorig_RightForeArm
              } // End of Armature_mixamorig_RightArm
            } // End of Armature_mixamorig_RightShoulder
          } // End of Armature_mixamorig_Spine2
        } // End of Armature_mixamorig_Spine1
      } // End of Armature_mixamorig_Spine
    } // End of Armature_mixamorig_Hips
  } // End of Armature
} // End of Root
AnimationSet Global {
  Animation {
    {Armature}
    AnimationKey { // Rotation
      0;
      86;
      0;4;-0.707107, 0.707107, 0.000000, 0.000000;;,
      1;4;-0.707107, 0.707107, 0.000000, 0.000000;;,
      2;4;-0.707107, 0.707107, 0.000000, 0.000000;;,
      3;4;-0.707107, 0.707107, 0.000000, 0.000000;;,
      4;4;-0.707107, 0.707107, 0.000000, 0.000000;;,
      5;4;-0.707107, 0.707107, 0.000000, 0.000000;;,
      6;4;-0.707107, 0.707107, 0.000000, 0.000000;;,
      7;4;-0.707107, 0.707107, 0.000000, 0.000000;;,
      8;4;-0.707107, 0.707107, 0.000000, 0.000000;;,
      9;4;-0.707107, 0.707107, 0.000000, 0.000000;;,
      10;4;-0.707107, 0.707107, 0.000000, 0.000000;;,
      11;4;-0.707107, 0.707107, 0.000000, 0.000000;;,
      12;4;-0.707107, 0.707107, 0.000000, 0.000000;;,
      13;4;-0.707107, 0.707107, 0.000000, 0.000000;;,
      14;4;-0.707107, 0.707107, 0.000000, 0.000000;;,
      15;4;-0.707107, 0.707107, 0.000000, 0.000000;;,
      16;4;-0.707107, 0.707107, 0.000000, 0.000000;;,
      17;4;-0.707107, 0.707107, 0.000000, 0.000000;;,
      18;4;-0.707107, 0.707107, 0.000000, 0.000000;;,
      19;4;-0.707107, 0.707107, 0.000000, 0.000000;;,
      20;4;-0.707107, 0.707107, 0.000000, 0.000000;;,
      21;4;-0.707107, 0.707107, 0.000000, 0.000000;;,
      22;4;-0.707107, 0.707107, 0.000000, 0.000000;;,
      23;4;-0.707107, 0.707107, 0.000000, 0.000000;;,
      24;4;-0.707107, 0.707107, 0.000000, 0.000000;;,
      25;4;-0.707107, 0.707107, 0.000000, 0.000000;;,
      26;4;-0.707107, 0.707107, 0.000000, 0.000000;;,
      27;4;-0.707107, 0.707107, 0.000000, 0.000000;;,
      28;4;-0.707107, 0.707107, 0.000000, 0.000000;;,
      29;4;-0.707107, 0.707107, 0.000000, 0.000000;;,
      30;4;-0.707107, 0.707107, 0.000000, 0.000000;;,
      31;4;-0.707107, 0.707107, 0.000000, 0.000000;;,
      32;4;-0.707107, 0.707107, 0.000000, 0.000000;;,
      33;4;-0.707107, 0.707107, 0.000000, 0.000000;;,
      34;4;-0.707107, 0.707107, 0.000000, 0.000000;;,
      35;4;-0.707107, 0.707107, 0.000000, 0.000000;;,
      36;4;-0.707107, 0.707107, 0.000000, 0.000000;;,
      37;4;-0.707107, 0.707107, 0.000000, 0.000000;;,
      38;4;-0.707107, 0.707107, 0.000000, 0.000000;;,
      39;4;-0.707107, 0.707107, 0.000000, 0.000000;;,
      40;4;-0.707107, 0.707107, 0.000000, 0.000000;;,
      41;4;-0.707107, 0.707107, 0.000000, 0.000000;;,
      42;4;-0.707107, 0.707107, 0.000000, 0.000000;;,
      43;4;-0.707107, 0.707107, 0.000000, 0.000000;;,
      44;4;-0.707107, 0.707107, 0.000000, 0.000000;;,
      45;4;-0.707107, 0.707107, 0.000000, 0.000000;;,
      46;4;-0.707107, 0.707107, 0.000000, 0.000000;;,
      47;4;-0.707107, 0.707107, 0.000000, 0.000000;;,
      48;4;-0.707107, 0.707107, 0.000000, 0.000000;;,
      49;4;-0.707107, 0.707107, 0.000000, 0.000000;;,
      50;4;-0.707107, 0.707107, 0.000000, 0.000000;;,
      51;4;-0.707107, 0.707107, 0.000000, 0.000000;;,
      52;4;-0.707107, 0.707107, 0.000000, 0.000000;;,
      53;4;-0.707107, 0.707107, 0.000000, 0.000000;;,
      54;4;-0.707107, 0.707107, 0.000000, 0.000000;;,
      55;4;-0.707107, 0.707107, 0.000000, 0.000000;;,
      56;4;-0.707107, 0.707107, 0.000000, 0.000000;;,
      57;4;-0.707107, 0.707107, 0.000000, 0.000000;;,
      58;4;-0.707107, 0.707107, 0.000000, 0.000000;;,
      59;4;-0.707107, 0.707107, 0.000000, 0.000000;;,
      60;4;-0.707107, 0.707107, 0.000000, 0.000000;;,
      61;4;-0.707107, 0.707107, 0.000000, 0.000000;;,
      62;4;-0.707107, 0.707107, 0.000000, 0.000000;;,
      63;4;-0.707107, 0.707107, 0.000000, 0.000000;;,
      64;4;-0.707107, 0.707107, 0.000000, 0.000000;;,
      65;4;-0.707107, 0.707107, 0.000000, 0.000000;;,
      66;4;-0.707107, 0.707107, 0.000000, 0.000000;;,
      67;4;-0.707107, 0.707107, 0.000000, 0.000000;;,
      68;4;-0.707107, 0.707107, 0.000000, 0.000000;;,
      69;4;-0.707107, 0.707107, 0.000000, 0.000000;;,
      70;4;-0.707107, 0.707107, 0.000000, 0.000000;;,
      71;4;-0.707107, 0.707107, 0.000000, 0.000000;;,
      72;4;-0.707107, 0.707107, 0.000000, 0.000000;;,
      73;4;-0.707107, 0.707107, 0.000000, 0.000000;;,
      74;4;-0.707107, 0.707107, 0.000000, 0.000000;;,
      75;4;-0.707107, 0.707107, 0.000000, 0.000000;;,
      76;4;-0.707107, 0.707107, 0.000000, 0.000000;;,
      77;4;-0.707107, 0.707107, 0.000000, 0.000000;;,
