xof 0303txt 0032

Frame Root {
  FrameTransformMatrix {
     1.000000, 0.000000, 0.000000, 0.000000,
     0.000000,-0.000000,-1.000000, 0.000000,
     0.000000, 1.000000,-0.000000, 0.000000,
     0.000000, 0.000000, 0.000000, 1.000000;;
  }
  Frame Armature {
    FrameTransformMatrix {
       0.100000, 0.000000, 0.000000, 0.000000,
       0.000000,-0.000000, 0.100000, 0.000000,
       0.000000,-0.100000,-0.000000, 0.000000,
       0.000000, 0.000000, 0.000000, 1.000000;;
    }
    Frame Armature_mixamorig_Hips {
      FrameTransformMatrix {
         0.999827,-0.018574, 0.000056, 0.000000,
         0.018574, 0.999818,-0.004432, 0.000000,
         0.000026, 0.004432, 0.999990, 0.000000,
         0.275370,76.453316, 5.015484, 1.000000;;
      }
      Frame Armature_mixamorig_BackCloth1 {
        FrameTransformMatrix {
          -0.000002,-1.000000, 0.000000, 0.000000,
           1.000000,-0.000002, 0.000000, 0.000000,
          -0.000000,-0.000000, 1.000000, 0.000000,
          -0.000000,-5.419198,-29.327002, 1.000000;;
        }
        Frame Armature_mixamorig_BackCloth2 {
          FrameTransformMatrix {
             1.000000, 0.000000,-0.000000, 0.000000,
            -0.000000, 1.000000,-0.000000, 0.000000,
             0.000000,-0.000000, 1.000000, 0.000000,
            15.308600, 0.000001,-0.000000, 1.000000;;
          }
          Frame Armature_mixamorig_BackCloth3 {
            FrameTransformMatrix {
               1.000000, 0.000000,-0.000000, 0.000000,
              -0.000000, 1.000000,-0.000000, 0.000000,
               0.000000,-0.000000, 1.000000, 0.000000,
              17.777102, 0.000002,-0.000001, 1.000000;;
            }
            Frame Armature_mixamorig_BackCloth4 {
              FrameTransformMatrix {
                 1.000000, 0.000000,-0.000000, 0.000000,
                -0.000000, 1.000000,-0.000000, 0.000000,
                 0.000000,-0.000000, 1.000000, 0.000000,
                15.545399, 0.000002,-0.000000, 1.000000;;
              }
            } // End of Armature_mixamorig_BackCloth4
          } // End of Armature_mixamorig_BackCloth3
        } // End of Armature_mixamorig_BackCloth2
      } // End of Armature_mixamorig_BackCloth1
      Frame Armature_mixamorig_FrontCloth1 {
        FrameTransformMatrix {
           1.000000,-0.000002,-0.000000, 0.000000,
          -0.000002,-1.000000, 0.000000, 0.000000,
          -0.000000, 0.000000,-1.000000, 0.000000,
          -0.000000,-19.940699,22.170202, 1.000000;;
        }
        Frame Armature_mixamorig_FrontCloth2 {
          FrameTransformMatrix {
            -1.000000, 0.000000, 0.000000, 0.000000,
            -0.000000, 1.000000, 0.000000, 0.000000,
            -0.000000, 0.000000,-1.000000, 0.000000,
            -0.000000,10.763296, 0.000000, 1.000000;;
          }
          Frame Armature_mixamorig_FrontCloth3 {
            FrameTransformMatrix {
              -1.000000,-0.000000,-0.000000, 0.000000,
              -0.000000, 1.000000,-0.000000, 0.000000,
               0.000000,-0.000000,-1.000000, 0.000000,
              -0.000000,13.749513, 0.000002, 1.000000;;
            }
            Frame Armature_mixamorig_FrontCloth4 {
              FrameTransformMatrix {
                 1.000000,-0.000000,-0.000000, 0.000000,
                -0.000000, 1.000000,-0.000000, 0.000000,
                 0.000000, 0.000000, 1.000000, 0.000000,
                -0.000000,14.182596,-0.000000, 1.000000;;
              }
            } // End of Armature_mixamorig_FrontCloth4
          } // End of Armature_mixamorig_FrontCloth3
        } // End of Armature_mixamorig_FrontCloth2
      } // End of Armature_mixamorig_FrontCloth1
      Frame Armature_mixamorig_LeftUpLeg {
        FrameTransformMatrix {
          -0.849828,-0.437935, 0.293267, 0.000000,
           0.504263,-0.513707, 0.694136, 0.000000,
          -0.153333, 0.737780, 0.657397, 0.000000,
          19.899097,-7.885096,-3.429500, 1.000000;;
        }
        Frame Armature_mixamorig_LeftLeg {
          FrameTransformMatrix {
             0.976905,-0.195262, 0.086777, 0.000000,
             0.091443, 0.014992,-0.995698, 0.000000,
             0.193121, 0.980637, 0.032501, 0.000000,
             0.000002,38.282909, 0.000004, 1.000000;;
          }
          Frame Armature_mixamorig_LeftFoot {
            FrameTransformMatrix {
               0.963368,-0.131751,-0.233589, 0.000000,
               0.264393, 0.320661, 0.909546, 0.000000,
              -0.044930,-0.937986, 0.343748, 0.000000,
              -0.000006,32.683987, 0.000001, 1.000000;;
            }
            Frame Armature_mixamorig_LeftToeBase {
              FrameTransformMatrix {
                 0.974513,-0.133811,-0.180053, 0.000000,
                 0.222881, 0.486417, 0.844821, 0.000000,
                -0.025465,-0.863419, 0.503844, 0.000000,
                -0.000000,27.100006,-0.000002, 1.000000;;
              }
              Frame Armature_mixamorig_LeftToe_End {
                FrameTransformMatrix {
                   1.000000, 0.000000, 0.000000, 0.000000,
                  -0.000000, 1.000000, 0.000000, 0.000000,
                  -0.000000, 0.000000, 1.000000, 0.000000,
                   0.000001,16.632000, 0.000000, 1.000000;;
                }
              } // End of Armature_mixamorig_LeftToe_End
            } // End of Armature_mixamorig_LeftToeBase
          } // End of Armature_mixamorig_LeftFoot
        } // End of Armature_mixamorig_LeftLeg
      } // End of Armature_mixamorig_LeftUpLeg
      Frame Armature_mixamorig_RightUpLeg {
        FrameTransformMatrix {
          -0.868311, 0.280989,-0.408756, 0.000000,
          -0.494257,-0.559562, 0.665281, 0.000000,
          -0.041788, 0.779701, 0.624752, 0.000000,
          -19.899099,-7.884992,-3.429501, 1.000000;;
        }
        Frame Armature_mixamorig_RightLeg {
          FrameTransformMatrix {
             0.979202, 0.184323, 0.084788, 0.000000,
             0.079282, 0.037051,-0.996163, 0.000000,
            -0.186757, 0.982167, 0.021667, 0.000000,
            -0.000001,38.282906,-0.000004, 1.000000;;
          }
          Frame Armature_mixamorig_RightFoot {
            FrameTransformMatrix {
               0.967035, 0.206415, 0.149120, 0.000000,
              -0.210359, 0.317544, 0.924616, 0.000000,
               0.143502,-0.925505, 0.350497, 0.000000,
              -0.000003,32.684067,-0.000001, 1.000000;;
            }
            Frame Armature_mixamorig_RightToeBase {
              FrameTransformMatrix {
                 0.962643, 0.267037, 0.044833, 0.000000,
                -0.168336, 0.460511, 0.871546, 0.000000,
                 0.212089,-0.846534, 0.488260, 0.000000,
                -0.000002,27.100010, 0.000000, 1.000000;;
              }
              Frame Armature_mixamorig_RightToe_End {
                FrameTransformMatrix {
                   1.000000,-0.000000, 0.000000, 0.000000,
                   0.000000, 1.000000, 0.000000, 0.000000,
                  -0.000000,-0.000000, 1.000000, 0.000000,
                  -0.000000,16.631950, 0.000001, 1.000000;;
                }
              } // End of Armature_mixamorig_RightToe_End
            } // End of Armature_mixamorig_RightToeBase
          } // End of Armature_mixamorig_RightFoot
        } // End of Armature_mixamorig_RightLeg
      } // End of Armature_mixamorig_RightUpLeg
      Frame Armature_mixamorig_Spine {
        FrameTransformMatrix {
           0.999971, 0.007189,-0.002383, 0.000000,
          -0.006060, 0.948181, 0.317674, 0.000000,
           0.004543,-0.317651, 0.948197, 0.000000,
          -0.000000,13.784808, 0.064400, 1.000000;;
        }
        Frame Armature_mixamorig_Spine1 {
          FrameTransformMatrix {
             0.999843, 0.017493,-0.002884, 0.000000,
            -0.015516, 0.942084, 0.335017, 0.000000,
             0.008577,-0.334920, 0.942207, 0.000000,
            -0.000000,12.024296, 0.000001, 1.000000;;
          }
          Frame Armature_mixamorig_Spine2 {
            FrameTransformMatrix {
               0.999849, 0.017122,-0.003093, 0.000000,
              -0.016194, 0.980777, 0.194461, 0.000000,
               0.006363,-0.194382, 0.980905, 0.000000,
              -0.000000,17.815792,-0.000005, 1.000000;;
            }
            Frame Armature_mixamorig_LeftShoulder {
              FrameTransformMatrix {
                 0.380750, 0.360078,-0.851689, 0.000000,
                 0.827644, 0.278034, 0.487548, 0.000000,
                 0.412353,-0.890529,-0.192155, 0.000000,
                17.399500,24.614195, 1.157897, 1.000000;;
              }
              Frame Armature_mixamorig_LeftArm {
                FrameTransformMatrix {
                   0.804077, 0.057472, 0.591741, 0.000000,
                  -0.470641, 0.669677, 0.574481, 0.000000,
                  -0.363258,-0.740425, 0.565521, 0.000000,
                   0.000009,19.910397, 0.000000, 1.000000;;
                }
                Frame Armature_mixamorig_LeftForeArm {
                  FrameTransformMatrix {
                     0.613135, 0.789472, 0.028277, 0.000000,
                    -0.755249, 0.575308, 0.314037, 0.000000,
                     0.231656,-0.213903, 0.948989, 0.000000,
                     0.000000,49.301304, 0.000011, 1.000000;;
                  }
                  Frame Armature_mixamorig_LeftHand {
                    FrameTransformMatrix {
                       0.543871, 0.334760, 0.769506, 0.000000,
                      -0.397821, 0.910250,-0.114817, 0.000000,
                      -0.738879,-0.243680, 0.628234, 0.000000,
                       0.000001,31.604708, 0.000002, 1.000000;;
                    }
                    Frame Armature_mixamorig_LeftHandIndex1 {
                      FrameTransformMatrix {
                         0.986293,-0.164619,-0.011230, 0.000000,
                         0.154435, 0.897028, 0.414114, 0.000000,
                        -0.058097,-0.410172, 0.910156, 0.000000,
                        -6.192891,21.271086, 0.498703, 1.000000;;
                      }
                      Frame Armature_mixamorig_LeftHandIndex2 {
                        FrameTransformMatrix {
                           0.999362,-0.035056,-0.006799, 0.000000,
                           0.035056, 0.926880, 0.373716, 0.000000,
                          -0.006799,-0.373716, 0.927518, 0.000000,
                           0.000007, 7.536495, 0.000004, 1.000000;;
                        }
                        Frame Armature_mixamorig_LeftHandIndex3 {
                          FrameTransformMatrix {
                             0.999885,-0.012058,-0.009138, 0.000000,
                             0.014905, 0.888675, 0.458295, 0.000000,
                             0.002595,-0.458379, 0.888753, 0.000000,
                            -0.000006, 7.512298, 0.000000, 1.000000;;
                          }
                          Frame Armature_mixamorig_LeftHandIndex4 {
                            FrameTransformMatrix {
                               1.000000, 0.000000,-0.000000, 0.000000,
                               0.000000, 1.000000,-0.000000, 0.000000,
                              -0.000000, 0.000000, 1.000000, 0.000000,
                               0.000013,10.212404, 0.000004, 1.000000;;
                            }
                          } // End of Armature_mixamorig_LeftHandIndex4
                        } // End of Armature_mixamorig_LeftHandIndex3
                      } // End of Armature_mixamorig_LeftHandIndex2
                    } // End of Armature_mixamorig_LeftHandIndex1
                    Frame Armature_mixamorig_LeftHandMiddle1 {
                      FrameTransformMatrix {
                         0.986293,-0.164619,-0.011230, 0.000000,
                         0.154435, 0.897028, 0.414114, 0.000000,
                        -0.058097,-0.410172, 0.910156, 0.000000,
                         0.016504,23.334379, 0.008600, 1.000000;;
                      }
                      Frame Armature_mixamorig_LeftHandMiddle2 {
                        FrameTransformMatrix {
                           0.999362,-0.035056,-0.006799, 0.000000,
                           0.035056, 0.926880, 0.373716, 0.000000,
                          -0.006799,-0.373716, 0.927518, 0.000000,
                           0.000007, 6.996599,-0.000002, 1.000000;;
                        }
                        Frame Armature_mixamorig_LeftHandMiddle3 {
                          FrameTransformMatrix {
                             0.999362,-0.035056,-0.006799, 0.000000,
                             0.035056, 0.926880, 0.373716, 0.000000,
                            -0.006799,-0.373716, 0.927518, 0.000000,
                            -0.000005, 7.016004, 0.000000, 1.000000;;
                          }
                          Frame Armature_mixamorig_LeftHandMiddle4 {
                            FrameTransformMatrix {
                               1.000000, 0.000000,-0.000000, 0.000000,
                              -0.000000, 1.000000,-0.000000, 0.000000,
                              -0.000000, 0.000000, 1.000000, 0.000000,
                              -0.000003, 7.721602, 0.000001, 1.000000;;
                            }
                          } // End of Armature_mixamorig_LeftHandMiddle4
                        } // End of Armature_mixamorig_LeftHandMiddle3
                      } // End of Armature_mixamorig_LeftHandMiddle2
                    } // End of Armature_mixamorig_LeftHandMiddle1
                    Frame Armature_mixamorig_LeftHandPinky1 {
                      FrameTransformMatrix {
                         0.986309,-0.164538,-0.011080, 0.000000,
                         0.154301, 0.897058, 0.414100, 0.000000,
                        -0.058195,-0.410140, 0.910164, 0.000000,
                        11.443209,18.881189, 0.461805, 1.000000;;
                      }
                      Frame Armature_mixamorig_LeftHandPinky2 {
                        FrameTransformMatrix {
                           0.999366,-0.034967,-0.006653, 0.000000,
                           0.034919, 0.926892, 0.373701, 0.000000,
                          -0.006901,-0.373696, 0.927525, 0.000000,
                          -0.000001, 4.919596,-0.000002, 1.000000;;
                        }
                        Frame Armature_mixamorig_LeftHandPinky3 {
                          FrameTransformMatrix {
                             0.999366,-0.034967,-0.006653, 0.000000,
                             0.034919, 0.926892, 0.373701, 0.000000,
                            -0.006901,-0.373696, 0.927525, 0.000000,
                             0.000002, 5.232998,-0.000007, 1.000000;;
                          }
                          Frame Armature_mixamorig_LeftHandPinky4 {
                            FrameTransformMatrix {
                               1.000000,-0.000000, 0.000000, 0.000000,
                               0.000000, 1.000000, 0.000000, 0.000000,
                               0.000000,-0.000000, 1.000000, 0.000000,
                               0.000000, 5.571694, 0.000000, 1.000000;;
                            }
                          } // End of Armature_mixamorig_LeftHandPinky4
                        } // End of Armature_mixamorig_LeftHandPinky3
                      } // End of Armature_mixamorig_LeftHandPinky2
                    } // End of Armature_mixamorig_LeftHandPinky1
                    Frame Armature_mixamorig_LeftHandRing1 {
                      FrameTransformMatrix {
                         0.986294,-0.164616,-0.011229, 0.000000,
                         0.154434, 0.897041, 0.414087, 0.000000,
                        -0.058093,-0.410145, 0.910168, 0.000000,
                         6.516907,22.686586, 0.103594, 1.000000;;
                      }
                      Frame Armature_mixamorig_LeftHandRing2 {
                        FrameTransformMatrix {
                           0.999362,-0.035053,-0.006798, 0.000000,
                           0.035053, 0.926892, 0.373688, 0.000000,
                          -0.006798,-0.373688, 0.927530, 0.000000,
                           0.000002, 6.408594, 0.000004, 1.000000;;
                        }
                        Frame Armature_mixamorig_LeftHandRing3 {
                          FrameTransformMatrix {
                             0.999362,-0.035054,-0.006798, 0.000000,
                             0.035054, 0.926892, 0.373688, 0.000000,
                            -0.006798,-0.373688, 0.927530, 0.000000,
                            -0.000002, 6.150296, 0.000002, 1.000000;;
                          }
                          Frame Armature_mixamorig_LeftHandRing4 {
                            FrameTransformMatrix {
                               1.000000, 0.000000,-0.000000, 0.000000,
                              -0.000000, 1.000000,-0.000000, 0.000000,
                              -0.000000,-0.000000, 1.000000, 0.000000,
                               0.000001, 6.145403, 0.000003, 1.000000;;
                            }
                          } // End of Armature_mixamorig_LeftHandRing4
                        } // End of Armature_mixamorig_LeftHandRing3
                      } // End of Armature_mixamorig_LeftHandRing2
                    } // End of Armature_mixamorig_LeftHandRing1
                    Frame Armature_mixamorig_LeftHandThumb1 {
                      FrameTransformMatrix {
                         0.815433, 0.361143,-0.452377, 0.000000,
                         0.109540, 0.671113, 0.733218, 0.000000,
                         0.568393,-0.647443, 0.507688, 0.000000,
                        -7.059601, 6.094482, 4.397203, 1.000000;;
                      }
                      Frame Armature_mixamorig_LeftHandThumb2 {
                        FrameTransformMatrix {
                           0.898977,-0.437329, 0.024144, 0.000000,
                           0.434740, 0.884230,-0.170699, 0.000000,
                           0.053302, 0.163951, 0.985027, 0.000000,
                           0.000010, 7.536501,-0.000006, 1.000000;;
                        }
                        Frame Armature_mixamorig_LeftHandThumb3 {
                          FrameTransformMatrix {
                             0.933995,-0.356331, 0.026092, 0.000000,
                             0.354974, 0.917184,-0.181016, 0.000000,
                             0.040571, 0.178330, 0.983134, 0.000000,
                             0.000000, 7.512291, 0.000003, 1.000000;;
                          }
                          Frame Armature_mixamorig_LeftHandThumb4 {
                            FrameTransformMatrix {
                               1.000000,-0.000000, 0.000000, 0.000000,
                               0.000000, 1.000000, 0.000000, 0.000000,
                              -0.000000,-0.000000, 1.000000, 0.000000,
                              -0.000002,10.212400,-0.000004, 1.000000;;
                            }
                          } // End of Armature_mixamorig_LeftHandThumb4
                        } // End of Armature_mixamorig_LeftHandThumb3
                      } // End of Armature_mixamorig_LeftHandThumb2
                    } // End of Armature_mixamorig_LeftHandThumb1
                  } // End of Armature_mixamorig_LeftHand
                } // End of Armature_mixamorig_LeftForeArm
              } // End of Armature_mixamorig_LeftArm
            } // End of Armature_mixamorig_LeftShoulder
            Frame Armature_mixamorig_Neck {
              FrameTransformMatrix {
                 0.999870, 0.001389, 0.016070, 0.000000,
                -0.002222, 0.998646, 0.051979, 0.000000,
                -0.015976,-0.052008, 0.998519, 0.000000,
                -0.000000,39.117603,11.976990, 1.000000;;
              }
              Frame Armature_mixamorig_Head {
                FrameTransformMatrix {
                   0.998271,-0.043165,-0.039899, 0.000000,
                   0.025294, 0.928172,-0.371290, 0.000000,
                   0.053059, 0.369639, 0.927659, 0.000000,
                  -0.000000,14.552498,15.664109, 1.000000;;
                }
                Frame Armature_mixamorig_HeadTop_End {
                  FrameTransformMatrix {
                     1.000000,-0.000000, 0.000000, 0.000000,
                    -0.000000, 1.000000, 0.000000, 0.000000,
                     0.000000, 0.000000, 1.000000, 0.000000,
                    -0.000000,15.601702, 7.553704, 1.000000;;
                  }
                } // End of Armature_mixamorig_HeadTop_End
                Frame Armature_mixamorig_Jaw {
                  FrameTransformMatrix {
                     1.000000,-0.000000, 0.000000, 0.000000,
                     0.000000,-0.587429, 0.809276, 0.000000,
                     0.000000,-0.809276,-0.587429, 0.000000,
                    -0.000000,-2.317792, 3.620702, 1.000000;;
                  }
                } // End of Armature_mixamorig_Jaw
                Frame Armature_mixamorig_LeftEye {
                  FrameTransformMatrix {
                     1.000000,-0.000000, 0.000000, 0.000000,
                    -0.000000, 1.000000, 0.000000, 0.000000,
                     0.000000, 0.000000, 1.000000, 0.000000,
                     3.528700, 2.462098,12.838202, 1.000000;;
                  }
                } // End of Armature_mixamorig_LeftEye
                Frame Armature_mixamorig_RightEye {
                  FrameTransformMatrix {
                     1.000000,-0.000000, 0.000000, 0.000000,
                    -0.000000, 1.000000, 0.000000, 0.000000,
                     0.000000, 0.000000, 1.000000, 0.000000,
                    -3.528700, 2.462099,12.838205, 1.000000;;
                  }
                } // End of Armature_mixamorig_RightEye
              } // End of Armature_mixamorig_Head
            } // End of Armature_mixamorig_Neck
            Frame Armature_mixamorig_RightShoulder {
              FrameTransformMatrix {
                 0.313692,-0.334937, 0.888490, 0.000000,
                -0.856647, 0.303794, 0.416972, 0.000000,
                -0.409577,-0.891923,-0.191625, 0.000000,
                -17.399502,24.614305, 1.157891, 1.000000;;
              }
              Frame Armature_mixamorig_RightArm {
                FrameTransformMatrix {
                   0.857257, 0.048793,-0.512571, 0.000000,
                   0.400286, 0.562992, 0.723057, 0.000000,
                   0.323853,-0.825021, 0.463098, 0.000000,
                   0.000003,19.910406,-0.000007, 1.000000;;
                }
                Frame Armature_mixamorig_RightArmour1 {
                  FrameTransformMatrix {
                    -0.000000,-1.000000,-0.000001, 0.000000,
                    -0.000000, 0.000001,-1.000000, 0.000000,
                     1.000000,-0.000000,-0.000000, 0.000000,
                    -1.467289, 5.012930,-18.471138, 1.000000;;
                  }
                  Frame Armature_mixamorig_RightArmour2 {
                    FrameTransformMatrix {
                      -0.915901, 0.232054,-0.327534, 0.000000,
                      -0.183487,-0.967759,-0.172553, 0.000000,
                      -0.357018,-0.097943, 0.928950, 0.000000,
                       3.884908,-9.462708,-18.584904, 1.000000;;
                    }
                    Frame Armature_mixamorig_RightArmour3 {
                      FrameTransformMatrix {
                         1.000000, 0.000000, 0.000000, 0.000000,
                        -0.000000, 1.000000, 0.000000, 0.000000,
                        -0.000000,-0.000000, 1.000000, 0.000000,
                        -0.000007,11.039495,-0.000003, 1.000000;;
                      }
                    } // End of Armature_mixamorig_RightArmour3
                  } // End of Armature_mixamorig_RightArmour2
                  Frame Armature_mixamorig_RightArmour4 {
                    FrameTransformMatrix {
                       0.708033,-0.251874, 0.659734, 0.000000,
                      -0.431906,-0.893578, 0.122374, 0.000000,
                       0.558701,-0.371588,-0.741469, 0.000000,
                      -2.648912,-11.494600,22.195305, 1.000000;;
                    }
                    Frame Armature_mixamorig_RightArmour5 {
                      FrameTransformMatrix {
                         1.000000, 0.000000, 0.000000, 0.000000,
                        -0.000000, 1.000000,-0.000000, 0.000000,
                        -0.000000,-0.000000, 1.000000, 0.000000,
                         0.000004,11.039507, 0.000003, 1.000000;;
                      }
                    } // End of Armature_mixamorig_RightArmour5
                  } // End of Armature_mixamorig_RightArmour4
                } // End of Armature_mixamorig_RightArmour1
                Frame Armature_mixamorig_RightForeArm {
                  FrameTransformMatrix {
                     0.387466,-0.866102,-0.315813, 0.000000,
                     0.920818, 0.380067, 0.087423, 0.000000,
                     0.044313,-0.324679, 0.944785, 0.000000,
                     0.000011,49.301308, 0.000015, 1.000000;;
                  }
                  Frame Armature_mixamorig_RightHand {
                    FrameTransformMatrix {
                       0.965588, 0.016175,-0.259573, 0.000000,
                       0.048975, 0.968900, 0.242559, 0.000000,
                       0.255423,-0.246924, 0.934766, 0.000000,
                      -0.000002,31.605003, 0.000000, 1.000000;;
                    }
                    Frame Armature_mixamorig_RightHandIndex1 {
                      FrameTransformMatrix {
                         0.949328,-0.001684, 0.314283, 0.000000,
                        -0.196592, 0.777017, 0.597993, 0.000000,
                        -0.245210,-0.629477, 0.737314, 0.000000,
                         6.192902,21.270998, 0.499002, 1.000000;;
                      }
                      Frame Armature_mixamorig_RightHandIndex2 {
                        FrameTransformMatrix {
                           0.984553,-0.161588,-0.067410, 0.000000,
                           0.172791, 0.834635, 0.522999, 0.000000,
                          -0.028248,-0.526568, 0.849664, 0.000000,
                          -0.000008, 7.536008, 0.000004, 1.000000;;
                        }
                        Frame Armature_mixamorig_RightHandIndex3 {
                          FrameTransformMatrix {
                             0.972597,-0.211747,-0.096014, 0.000000,
                             0.227223, 0.953160, 0.199637, 0.000000,
                             0.049244,-0.215983, 0.975155, 0.000000,
                             0.000007, 7.513003,-0.000001, 1.000000;;
                          }
                          Frame Armature_mixamorig_RightHandIndex4 {
                            FrameTransformMatrix {
                               1.000000,-0.000000, 0.000000, 0.000000,
                              -0.000000, 1.000000,-0.000000, 0.000000,
                              -0.000000, 0.000000, 1.000000, 0.000000,
                               0.000001,10.212008,-0.000002, 1.000000;;
                            }
                          } // End of Armature_mixamorig_RightHandIndex4
                        } // End of Armature_mixamorig_RightHandIndex3
                      } // End of Armature_mixamorig_RightHandIndex2
                    } // End of Armature_mixamorig_RightHandIndex1
                    Frame Armature_mixamorig_RightHandMiddle1 {
                      FrameTransformMatrix {
                         0.997213, 0.042992,-0.060984, 0.000000,
                        -0.001383, 0.827825, 0.560985, 0.000000,
                         0.074602,-0.559337, 0.825577, 0.000000,
                        -0.016499,23.333994, 0.008993, 1.000000;;
                      }
                      Frame Armature_mixamorig_RightHandMiddle2 {
                        FrameTransformMatrix {
                           0.998744, 0.048270, 0.013456, 0.000000,
                          -0.048301, 0.855819, 0.515016, 0.000000,
                           0.013344,-0.515019, 0.857075, 0.000000,
                          -0.000001, 6.996992, 0.000000, 1.000000;;
                        }
                        Frame Armature_mixamorig_RightHandMiddle3 {
                          FrameTransformMatrix {
                             0.998739, 0.048371, 0.013443, 0.000000,
                            -0.048381, 0.855819, 0.515008, 0.000000,
                             0.013407,-0.515009, 0.857080, 0.000000,
                             0.000002, 7.016005,-0.000001, 1.000000;;
                          }
                          Frame Armature_mixamorig_RightHandMiddle4 {
                            FrameTransformMatrix {
                               1.000000, 0.000000, 0.000000, 0.000000,
                               0.000000, 1.000000, 0.000000, 0.000000,
                              -0.000000, 0.000000, 1.000000, 0.000000,
                              -0.000006, 7.720996, 0.000000, 1.000000;;
                            }
                          } // End of Armature_mixamorig_RightHandMiddle4
                        } // End of Armature_mixamorig_RightHandMiddle3
                      } // End of Armature_mixamorig_RightHandMiddle2
                    } // End of Armature_mixamorig_RightHandMiddle1
                    Frame Armature_mixamorig_RightHandPinky1 {
                      FrameTransformMatrix {
                         0.956151, 0.052087,-0.288204, 0.000000,
                         0.132385, 0.800919, 0.583954, 0.000000,
                         0.261244,-0.596503, 0.758904, 0.000000,
                        -11.443205,18.881004, 0.462004, 1.000000;;
                      }
                      Frame Armature_mixamorig_RightHandPinky2 {
                        FrameTransformMatrix {
                           0.998784, 0.047570, 0.012975, 0.000000,
                          -0.047556, 0.859827, 0.508366, 0.000000,
                           0.013027,-0.508365, 0.861043, 0.000000,
                           0.000000, 4.919996, 0.000002, 1.000000;;
                        }
                        Frame Armature_mixamorig_RightHandPinky3 {
                          FrameTransformMatrix {
                             0.997822, 0.061747, 0.023221, 0.000000,
                            -0.061829, 0.752630, 0.655534, 0.000000,
                             0.023000,-0.655542, 0.754808, 0.000000,
                             0.000006, 5.233001,-0.000000, 1.000000;;
                          }
                          Frame Armature_mixamorig_RightHandPinky4 {
                            FrameTransformMatrix {
                               1.000000, 0.000000,-0.000000, 0.000000,
                              -0.000000, 1.000000, 0.000000, 0.000000,
                              -0.000000,-0.000000, 1.000000, 0.000000,
                              -0.000001, 5.571001, 0.000000, 1.000000;;
                            }
                          } // End of Armature_mixamorig_RightHandPinky4
                        } // End of Armature_mixamorig_RightHandPinky3
                      } // End of Armature_mixamorig_RightHandPinky2
                    } // End of Armature_mixamorig_RightHandPinky1
                    Frame Armature_mixamorig_RightHandRing1 {
                      FrameTransformMatrix {
                         0.960146, 0.175570,-0.217471, 0.000000,
                        -0.029023, 0.836503, 0.547192, 0.000000,
                         0.277986,-0.519073, 0.808262, 0.000000,
                        -6.516898,22.686003, 0.103992, 1.000000;;
                      }
                      Frame Armature_mixamorig_RightHandRing2 {
                        FrameTransformMatrix {
                           0.976360, 0.151366,-0.154302, 0.000000,
                          -0.048970, 0.850207, 0.524166, 0.000000,
                           0.210529,-0.504218, 0.837521, 0.000000,
                           0.000000, 6.408989,-0.000004, 1.000000;;
                        }
                        Frame Armature_mixamorig_RightHandRing3 {
                          FrameTransformMatrix {
                             0.976337, 0.151750,-0.154074, 0.000000,
                            -0.049436, 0.850207, 0.524122, 0.000000,
                             0.210530,-0.504102, 0.837590, 0.000000,
                            -0.000004, 6.149998, 0.000002, 1.000000;;
                          }
                          Frame Armature_mixamorig_RightHandRing4 {
                            FrameTransformMatrix {
                               1.000000, 0.000000, 0.000000, 0.000000,
                               0.000000, 1.000000, 0.000000, 0.000000,
                              -0.000000,-0.000000, 1.000000, 0.000000,
                               0.000006, 6.145998,-0.000001, 1.000000;;
                            }
                          } // End of Armature_mixamorig_RightHandRing4
                        } // End of Armature_mixamorig_RightHandRing3
                      } // End of Armature_mixamorig_RightHandRing2
                    } // End of Armature_mixamorig_RightHandRing1
                    Frame Armature_mixamorig_RightHandThumb1 {
                      FrameTransformMatrix {
                         0.757980,-0.495554, 0.424139, 0.000000,
                        -0.096378, 0.558018, 0.824213, 0.000000,
                        -0.645118,-0.665615, 0.375206, 0.000000,
                         7.059698, 6.094000, 4.396990, 1.000000;;
                      }
                      Frame Armature_mixamorig_RightHandThumb2 {
                        FrameTransformMatrix {
                           0.893300, 0.445236, 0.061473, 0.000000,
                          -0.421186, 0.876982,-0.231311, 0.000000,
                          -0.156898, 0.180738, 0.970936, 0.000000,
                           0.000004, 7.536300,-0.000000, 1.000000;;
                        }
                        Frame Armature_mixamorig_RightHandThumb3 {
                          FrameTransformMatrix {
                             0.935139, 0.329432, 0.130340, 0.000000,
                            -0.283564, 0.916534,-0.282058, 0.000000,
                            -0.212381, 0.226804, 0.950502, 0.000000,
                            -0.000004, 7.512702,-0.000002, 1.000000;;
                          }
                          Frame Armature_mixamorig_RightHandThumb4 {
                            FrameTransformMatrix {
                               1.000000,-0.000001, 0.000002, 0.000000,
                               0.000001, 1.000000, 0.000001, 0.000000,
                              -0.000002,-0.000001, 1.000000, 0.000000,
                               0.000000,10.212723,-0.000009, 1.000000;;
                            }
                          } // End of Armature_mixamorig_RightHandThumb4
                        } // End of Armature_mixamorig_RightHandThumb3
                      } // End of Armature_mixamorig_RightHandThumb2
                    } // End of Armature_mixamorig_RightHandThumb1
                  } // End of Armature_mixamorig_RightHand
                } // End of Armature_mixamorig_RightForeArm
              } // End of Armature_mixamorig_RightArm
            } // End of Armature_mixamorig_RightShoulder
          } // End of Armature_mixamorig_Spine2
        } // End of Armature_mixamorig_Spine1
      } // End of Armature_mixamorig_Spine
    } // End of Armature_mixamorig_Hips
  } // End of Armature
} // End of Root
AnimationSet Global {
  Animation {
    {Armature}
    AnimationKey { // Rotation
      0;
      67;
      0;4;-0.707107, 0.707107, 0.000000, 0.000000;;,
      1;4;-0.707107, 0.707107, 0.000000, 0.000000;;,
      2;4;-0.707107, 0.707107, 0.000000, 0.000000;;,
      3;4;-0.707107, 0.707107, 0.000000, 0.000000;;,
      4;4;-0.707107, 0.707107, 0.000000, 0.000000;;,
      5;4;-0.707107, 0.707107, 0.000000, 0.000000;;,
      6;4;-0.707107, 0.707107, 0.000000, 0.000000;;,
      7;4;-0.707107, 0.707107, 0.000000, 0.000000;;,
      8;4;-0.707107, 0.707107, 0.000000, 0.000000;;,
      9;4;-0.707107, 0.707107, 0.000000, 0.000000;;,
      10;4;-0.707107, 0.707107, 0.000000, 0.000000;;,
      11;4;-0.707107, 0.707107, 0.000000, 0.000000;;,
      12;4;-0.707107, 0.707107, 0.000000, 0.000000;;,
      13;4;-0.707107, 0.707107, 0.000000, 0.000000;;,
      14;4;-0.707107, 0.707107, 0.000000, 0.000000;;,
      15;4;-0.707107, 0.707107, 0.000000, 0.000000;;,
      16;4;-0.707107, 0.707107, 0.000000, 0.000000;;,
      17;4;-0.707107, 0.707107, 0.000000, 0.000000;;,
      18;4;-0.707107, 0.707107, 0.000000, 0.000000;;,
      19;4;-0.707107, 0.707107, 0.000000, 0.000000;;,
      20;4;-0.707107, 0.707107, 0.000000, 0.000000;;,
      21;4;-0.707107, 0.707107, 0.000000, 0.000000;;,
      22;4;-0.707107, 0.707107, 0.000000, 0.000000;;,
      23;4;-0.707107, 0.707107, 0.000000, 0.000000;;,
      24;4;-0.707107, 0.707107, 0.000000, 0.000000;;,
      25;4;-0.707107, 0.707107, 0.000000, 0.000000;;,
      26;4;-0.707107, 0.707107, 0.000000, 0.000000;;,
      27;4;-0.707107, 0.707107, 0.000000, 0.000000;;,
      28;4;-0.707107, 0.707107, 0.000000, 0.000000;;,
      29;4;-0.707107, 0.707107, 0.000000, 0.000000;;,
      30;4;-0.707107, 0.707107, 0.000000, 0.000000;;,
      31;4;-0.707107, 0.707107, 0.000000, 0.000000;;,
      32;4;-0.707107, 0.707107, 0.000000, 0.000000;;,
      33;4;-0.707107, 0.707107, 0.000000, 0.000000;;,
      34;4;-0.707107, 0.707107, 0.000000, 0.000000;;,
      35;4;-0.707107, 0.707107, 0.000000, 0.000000;;,
      36;4;-0.707107, 0.707107, 0.000000, 0.000000;;,
      37;4;-0.707107, 0.707107, 0.000000, 0.000000;;,
      38;4;-0.707107, 0.707107, 0.000000, 0.000000;;,
      39;4;-0.707107, 0.707107, 0.000000, 0.000000;;,
      40;4;-0.707107, 0.707107, 0.000000, 0.000000;;,
      41;4;-0.707107, 0.707107, 0.000000, 0.000000;;,
      42;4;-0.707107, 0.707107, 0.000000, 0.000000;;,
      43;4;-0.707107, 0.707107, 0.000000, 0.000000;;,
      44;4;-0.707107, 0.707107, 0.000000, 0.000000;;,
      45;4;-0.707107, 0.707107, 0.000000, 0.000000;;,
      46;4;-0.707107, 0.707107, 0.000000, 0.000000;;,
      47;4;-0.707107, 0.707107, 0.000000, 0.000000;;,
      48;4;-0.707107, 0.707107, 0.000000, 0.000000;;,
      49;4;-0.707107, 0.707107, 0.000000, 0.000000;;,
      50;4;-0.707107, 0.707107, 0.000000, 0.000000;;,
      51;4;-0.707107, 0.707107, 0.000000, 0.000000;;,
      52;4;-0.707107, 0.707107, 0.000000, 0.000000;;,
      53;4;-0.707107, 0.707107, 0.000000, 0.000000;;,
      54;4;-0.707107, 0.707107, 0.000000, 0.000000;;,
      55;4;-0.707107, 0.707107, 0.000000, 0.000000;;,
      56;4;-0.707107, 0.707107, 0.000000, 0.000000;;,
      57;4;-0.707107, 0.707107, 0.000000, 0.000000;;,
      58;4;-0.707107, 0.707107, 0.000000, 0.000000;;,
      59;4;-0.707107, 0.707107, 0.000000, 0.000000;;,
      60;4;-0.707107, 0.707107, 0.000000, 0.000000;;,
      61;4;-0.707107, 0.707107, 0.000000, 0.000000;;,
      62;4;-0.707107, 0.707107, 0.000000, 0.000000;;,
      63;4;-0.707107, 0.707107, 0.000000, 0.000000;;,
      64;4;-0.707107, 0.707107, 0.000000, 0.000000;;,
      65;4;-0.707107, 0.707107, 0.000000, 0.000000;;,
      66;4;-0.707107, 0.707107, 0.000000, 0.000000;;;
    }
    AnimationKey { // Scale
      1;
      67;
      0;3; 0.100000, 0.100000, 0.100000;;,
      1;3; 0.100000, 0.100000, 0.100000;;,
      2;3; 0.100000, 0.100000, 0.100000;;,
      3;3; 0.100000, 0.100000, 0.100000;;,
      4;3; 0.100000, 0.100000, 0.100000;;,
      5;3; 0.100000, 0.100000, 0.100000;;,
      6;3; 0.100000, 0.100000, 0.100000;;,
      7;3; 0.100000, 0.100000, 0.100000;;,
      8;3; 0.100000, 0.100000, 0.100000;;,
      9;3; 0.100000, 0.100000, 0.100000;;,
      10;3; 0.100000, 0.100000, 0.100000;;,
      11;3; 0.100000, 0.100000, 0.100000;;,
