xof 0303txt 0032

template XSkinMeshHeader {
  <3cf169ce-ff7c-44ab-93c0-f78f62d172e2>
  WORD nMaxSkinWeightsPerVertex;
  WORD nMaxSkinWeightsPerFace;
  WORD nBones;
}

template SkinWeights {
  <6f0d123b-bad2-4167-a0d0-80224f25fabb>
  STRING transformNodeName;
  DWORD nWeights;
  array DWORD vertexIndices[nWeights];
  array float weights[nWeights];
  Matrix4x4 matrixOffset;
}

Frame Root {
  FrameTransformMatrix {
     1.000000, 0.000000, 0.000000, 0.000000,
     0.000000,-0.000000,-1.000000, 0.000000,
     0.000000, 1.000000,-0.000000, 0.000000,
     0.000000, 0.000000, 0.000000, 1.000000;;
  }
  Frame Armature {
    FrameTransformMatrix {
       0.100000, 0.000000, 0.000000, 0.000000,
       0.000000,-0.000000, 0.100000, 0.000000,
       0.000000,-0.100000,-0.000000, 0.000000,
       0.000000, 0.000000, 0.000000, 1.000000;;
    }
    Frame Armature_mixamorig_Hips {
      FrameTransformMatrix {
         0.982787, 0.184673, 0.004957, 0.000000,
        -0.015515, 0.055770, 0.998323, 0.000000,
         0.184087,-0.981216, 0.057675, 0.000000,
        -2.636238,163.343750,-17.669613, 1.000000;;
      }
      Frame Armature_mixamorig_BackCloth1 {
        FrameTransformMatrix {
          -0.000002,-1.000000,-0.000000, 0.000000,
           1.000000,-0.000002, 0.000000, 0.000000,
           0.000000,-0.000000, 1.000000, 0.000000,
          -0.000003,-5.419198,-29.326988, 1.000000;;
        }
        Frame Armature_mixamorig_BackCloth2 {
          FrameTransformMatrix {
             1.000000,-0.000000, 0.000000, 0.000000,
             0.000000, 1.000000,-0.000000, 0.000000,
            -0.000000,-0.000000, 1.000000, 0.000000,
            15.308600,-0.000000, 0.000014, 1.000000;;
          }
          Frame Armature_mixamorig_BackCloth3 {
            FrameTransformMatrix {
               1.000000,-0.000000, 0.000000, 0.000000,
               0.000000, 1.000000,-0.000000, 0.000000,
              -0.000000,-0.000000, 1.000000, 0.000000,
              17.777102, 0.000003, 0.000008, 1.000000;;
            }
            Frame Armature_mixamorig_BackCloth4 {
              FrameTransformMatrix {
                 1.000000,-0.000000, 0.000000, 0.000000,
                 0.000000, 1.000000,-0.000000, 0.000000,
                -0.000000,-0.000000, 1.000000, 0.000000,
                15.545391, 0.000003,-0.000003, 1.000000;;
              }
            } // End of Armature_mixamorig_BackCloth4
          } // End of Armature_mixamorig_BackCloth3
        } // End of Armature_mixamorig_BackCloth2
      } // End of Armature_mixamorig_BackCloth1
      Frame Armature_mixamorig_FrontCloth1 {
        FrameTransformMatrix {
           1.000000,-0.000002,-0.000000, 0.000000,
          -0.000002,-1.000000, 0.000000, 0.000000,
          -0.000000, 0.000000,-1.000000, 0.000000,
          -0.000004,-19.940701,22.170195, 1.000000;;
        }
        Frame Armature_mixamorig_FrontCloth2 {
          FrameTransformMatrix {
            -1.000000, 0.000000, 0.000000, 0.000000,
            -0.000000, 1.000000, 0.000000, 0.000000,
            -0.000000, 0.000000,-1.000000, 0.000000,
            -0.000004,10.763299,-0.000005, 1.000000;;
          }
          Frame Armature_mixamorig_FrontCloth3 {
            FrameTransformMatrix {
              -1.000000, 0.000000,-0.000000, 0.000000,
              -0.000000, 1.000000,-0.000000, 0.000000,
               0.000000,-0.000000,-1.000000, 0.000000,
              -0.000001,13.749509,-0.000006, 1.000000;;
            }
            Frame Armature_mixamorig_FrontCloth4 {
              FrameTransformMatrix {
                 1.000000, 0.000000,-0.000000, 0.000000,
                 0.000000, 1.000000,-0.000000, 0.000000,
                 0.000000, 0.000000, 1.000000, 0.000000,
                -0.000002,14.182600, 0.000006, 1.000000;;
              }
            } // End of Armature_mixamorig_FrontCloth4
          } // End of Armature_mixamorig_FrontCloth3
        } // End of Armature_mixamorig_FrontCloth2
      } // End of Armature_mixamorig_FrontCloth1
      Frame Armature_mixamorig_LeftUpLeg {
        FrameTransformMatrix {
          -0.761899,-0.620383, 0.186104, 0.000000,
           0.514749,-0.754374,-0.407375, 0.000000,
           0.393120,-0.214581, 0.894098, 0.000000,
          19.899090,-7.885097,-3.429490, 1.000000;;
        }
        Frame Armature_mixamorig_LeftLeg {
          FrameTransformMatrix {
             0.977798,-0.209379, 0.008462, 0.000000,
             0.002277,-0.029764,-0.999554, 0.000000,
             0.209538, 0.977381,-0.028626, 0.000000,
             0.000002,38.282913,-0.000012, 1.000000;;
          }
          Frame Armature_mixamorig_LeftFoot {
            FrameTransformMatrix {
               0.820909,-0.551741,-0.147279, 0.000000,
               0.538668, 0.662524, 0.520480, 0.000000,
              -0.189594,-0.506601, 0.841076, 0.000000,
               0.000009,32.683990, 0.000020, 1.000000;;
            }
            Frame Armature_mixamorig_LeftToeBase {
              FrameTransformMatrix {
                 1.000000,-0.000001,-0.000000, 0.000000,
                 0.000001, 0.492695, 0.870202, 0.000000,
                -0.000001,-0.870202, 0.492695, 0.000000,
                 0.000005,27.100008, 0.000002, 1.000000;;
              }
              Frame Armature_mixamorig_LeftToe_End {
                FrameTransformMatrix {
                   1.000000, 0.000000,-0.000000, 0.000000,
                  -0.000000, 1.000000, 0.000000, 0.000000,
                   0.000000,-0.000000, 1.000000, 0.000000,
                  -0.000019,16.631994, 0.000002, 1.000000;;
                }
              } // End of Armature_mixamorig_LeftToe_End
            } // End of Armature_mixamorig_LeftToeBase
          } // End of Armature_mixamorig_LeftFoot
        } // End of Armature_mixamorig_LeftLeg
      } // End of Armature_mixamorig_LeftUpLeg
      Frame Armature_mixamorig_RightUpLeg {
        FrameTransformMatrix {
          -0.962390, 0.148006,-0.227816, 0.000000,
          -0.261436,-0.732572, 0.628482, 0.000000,
          -0.073873, 0.664403, 0.743711, 0.000000,
          -19.899103,-7.884997,-3.429495, 1.000000;;
        }
        Frame Armature_mixamorig_RightLeg {
          FrameTransformMatrix {
             0.983723,-0.014975, 0.179069, 0.000000,
             0.155744, 0.568116,-0.808077, 0.000000,
            -0.089631, 0.822812, 0.561201, 0.000000,
             0.000002,38.282913,-0.000015, 1.000000;;
          }
          Frame Armature_mixamorig_RightFoot {
            FrameTransformMatrix {
               0.907153, 0.418687, 0.042130, 0.000000,
              -0.404867, 0.841128, 0.358589, 0.000000,
               0.114700,-0.342352, 0.932544, 0.000000,
               0.000001,32.684067, 0.000021, 1.000000;;
            }
            Frame Armature_mixamorig_RightToeBase {
              FrameTransformMatrix {
                 1.000000, 0.000002,-0.000000, 0.000000,
                -0.000001, 0.624297, 0.781187, 0.000000,
                 0.000001,-0.781187, 0.624297, 0.000000,
                 0.000001,27.100006, 0.000003, 1.000000;;
              }
              Frame Armature_mixamorig_RightToe_End {
                FrameTransformMatrix {
                   1.000000,-0.000000, 0.000000, 0.000000,
                   0.000000, 1.000000, 0.000000, 0.000000,
                  -0.000000,-0.000000, 1.000000, 0.000000,
                   0.000007,16.631935,-0.000004, 1.000000;;
                }
              } // End of Armature_mixamorig_RightToe_End
            } // End of Armature_mixamorig_RightToeBase
          } // End of Armature_mixamorig_RightFoot
        } // End of Armature_mixamorig_RightLeg
      } // End of Armature_mixamorig_RightUpLeg
      Frame Armature_mixamorig_Spine {
        FrameTransformMatrix {
           0.997537,-0.001929, 0.070115, 0.000000,
           0.001419, 0.999972, 0.007320, 0.000000,
          -0.070127,-0.007202, 0.997512, 0.000000,
          -0.000004,13.784798, 0.064394, 1.000000;;
        }
        Frame Armature_mixamorig_Spine1 {
          FrameTransformMatrix {
             0.998286,-0.020802, 0.054706, 0.000000,
             0.020925, 0.999780,-0.001662, 0.000000,
            -0.054660, 0.002804, 0.998501, 0.000000,
             0.000001,12.024301, 0.000003, 1.000000;;
          }
          Frame Armature_mixamorig_Spine2 {
            FrameTransformMatrix {
               0.998316,-0.023687, 0.052958, 0.000000,
               0.024621, 0.999551,-0.017061, 0.000000,
              -0.052531, 0.018337, 0.998451, 0.000000,
              -0.000000,17.815798,-0.000007, 1.000000;;
            }
            Frame Armature_mixamorig_LeftShoulder {
              FrameTransformMatrix {
                 0.435324,-0.048395,-0.898972, 0.000000,
                 0.886053,-0.153755, 0.437345, 0.000000,
                -0.159387,-0.986923,-0.024053, 0.000000,
                17.399500,24.614193, 1.157907, 1.000000;;
              }
              Frame Armature_mixamorig_LeftArm {
                FrameTransformMatrix {
                   0.830606,-0.529548, 0.172256, 0.000000,
                   0.352747, 0.739704, 0.573069, 0.000000,
                  -0.430886,-0.415231, 0.801199, 0.000000,
                   0.000005,19.910404,-0.000005, 1.000000;;
                }
                Frame Armature_mixamorig_LeftForeArm {
                  FrameTransformMatrix {
                     0.841110, 0.540598, 0.016989, 0.000000,
                    -0.540598, 0.841266,-0.004988, 0.000000,
                    -0.016989,-0.004988, 0.999843, 0.000000,
                    -0.000003,49.301292,-0.000017, 1.000000;;
                  }
                  Frame Armature_mixamorig_LeftHand {
                    FrameTransformMatrix {
                       0.956183,-0.204693, 0.209319, 0.000000,
                       0.203117, 0.978718, 0.029233, 0.000000,
                      -0.210848, 0.014565, 0.977410, 0.000000,
                      -0.000002,31.604713, 0.000012, 1.000000;;
                    }
                    Frame Armature_mixamorig_LeftHandIndex1 {
                      FrameTransformMatrix {
                         0.978773, 0.201441,-0.037749, 0.000000,
                        -0.204762, 0.953332,-0.221881, 0.000000,
                        -0.008709, 0.224900, 0.974343, 0.000000,
                        -6.192900,21.271086, 0.498722, 1.000000;;
                      }
                      Frame Armature_mixamorig_LeftHandIndex2 {
                        FrameTransformMatrix {
                           0.999530,-0.030394,-0.003919, 0.000000,
                           0.030394, 0.966839, 0.253570, 0.000000,
                          -0.003918,-0.253570, 0.967309, 0.000000,
                          -0.000004, 7.536496, 0.000002, 1.000000;;
                        }
                        Frame Armature_mixamorig_LeftHandIndex3 {
                          FrameTransformMatrix {
                             0.999903, 0.013874,-0.000806, 0.000000,
                            -0.013874, 0.993181,-0.115750, 0.000000,
                            -0.000806, 0.115750, 0.993278, 0.000000,
                            -0.000006, 7.512292, 0.000000, 1.000000;;
                          }
                          Frame Armature_mixamorig_LeftHandIndex4 {
                            FrameTransformMatrix {
                               1.000000,-0.000000, 0.000000, 0.000000,
                               0.000000, 1.000000, 0.000000, 0.000000,
                               0.000000, 0.000000, 1.000000, 0.000000,
                              -0.000009,10.212392, 0.000010, 1.000000;;
                            }
                          } // End of Armature_mixamorig_LeftHandIndex4
                        } // End of Armature_mixamorig_LeftHandIndex3
                      } // End of Armature_mixamorig_LeftHandIndex2
                    } // End of Armature_mixamorig_LeftHandIndex1
                    Frame Armature_mixamorig_LeftHandMiddle1 {
                      FrameTransformMatrix {
                         0.999985, 0.005448,-0.000156, 0.000000,
                        -0.005448, 0.998685,-0.050978, 0.000000,
                        -0.000122, 0.050978, 0.998700, 0.000000,
                         0.016496,23.334383, 0.008621, 1.000000;;
                      }
                      Frame Armature_mixamorig_LeftHandMiddle2 {
                        FrameTransformMatrix {
                           0.999980,-0.006324,-0.000167, 0.000000,
                           0.006324, 0.998587, 0.052762, 0.000000,
                          -0.000167,-0.052762, 0.998607, 0.000000,
                           0.000001, 6.996593, 0.000000, 1.000000;;
                        }
                        Frame Armature_mixamorig_LeftHandMiddle3 {
                          FrameTransformMatrix {
                             0.999895, 0.014435,-0.000873, 0.000000,
                            -0.014435, 0.992617,-0.120429, 0.000000,
                            -0.000872, 0.120429, 0.992721, 0.000000,
                             0.000001, 7.016003, 0.000003, 1.000000;;
                          }
                          Frame Armature_mixamorig_LeftHandMiddle4 {
                            FrameTransformMatrix {
                               1.000000, 0.000000, 0.000000, 0.000000,
                               0.000000, 1.000000, 0.000000, 0.000000,
                               0.000000, 0.000000, 1.000000, 0.000000,
                              -0.000005, 7.721600, 0.000008, 1.000000;;
                            }
                          } // End of Armature_mixamorig_LeftHandMiddle4
                        } // End of Armature_mixamorig_LeftHandMiddle3
                      } // End of Armature_mixamorig_LeftHandMiddle2
                    } // End of Armature_mixamorig_LeftHandMiddle1
                    Frame Armature_mixamorig_LeftHandPinky1 {
                      FrameTransformMatrix {
                         0.913493,-0.406067,-0.025307, 0.000000,
                         0.406219, 0.913775, 0.000960, 0.000000,
                         0.022735,-0.011157, 0.999679, 0.000000,
                        11.443197,18.881199, 0.461821, 1.000000;;
                      }
                      Frame Armature_mixamorig_LeftHandPinky2 {
                        FrameTransformMatrix {
                           0.998382, 0.056859,-0.000617, 0.000000,
                          -0.056339, 0.990604, 0.124615, 0.000000,
                           0.007697,-0.124379, 0.992205, 0.000000,
                          -0.000021, 4.919593,-0.000002, 1.000000;;
                        }
                        Frame Armature_mixamorig_LeftHandPinky3 {
                          FrameTransformMatrix {
                             0.999903, 0.013902,-0.000809, 0.000000,
                            -0.013902, 0.993154,-0.115984, 0.000000,
                            -0.000809, 0.115984, 0.993251, 0.000000,
                             0.000002, 5.232996,-0.000007, 1.000000;;
                          }
                          Frame Armature_mixamorig_LeftHandPinky4 {
                            FrameTransformMatrix {
                               1.000000, 0.000000, 0.000000, 0.000000,
                               0.000000, 1.000000, 0.000000, 0.000000,
                              -0.000000,-0.000000, 1.000000, 0.000000,
                               0.000008, 5.571703,-0.000010, 1.000000;;
                            }
                          } // End of Armature_mixamorig_LeftHandPinky4
                        } // End of Armature_mixamorig_LeftHandPinky3
                      } // End of Armature_mixamorig_LeftHandPinky2
                    } // End of Armature_mixamorig_LeftHandPinky1
                    Frame Armature_mixamorig_LeftHandRing1 {
                      FrameTransformMatrix {
                         0.988442,-0.151534,-0.004535, 0.000000,
                         0.151432, 0.988307,-0.017797, 0.000000,
                         0.007179, 0.016904, 0.999831, 0.000000,
                         6.516898,22.686592, 0.103616, 1.000000;;
                      }
                      Frame Armature_mixamorig_LeftHandRing2 {
                        FrameTransformMatrix {
                           0.999981,-0.006094,-0.000155, 0.000000,
                           0.006094, 0.998688, 0.050845, 0.000000,
                          -0.000155,-0.050845, 0.998707, 0.000000,
                          -0.000001, 6.408598,-0.000010, 1.000000;;
                        }
                        Frame Armature_mixamorig_LeftHandRing3 {
                          FrameTransformMatrix {
                             0.999437, 0.033223,-0.004698, 0.000000,
                            -0.033223, 0.960246,-0.277171, 0.000000,
                            -0.004697, 0.277171, 0.960809, 0.000000,
                             0.000010, 6.150295, 0.000022, 1.000000;;
                          }
                          Frame Armature_mixamorig_LeftHandRing4 {
                            FrameTransformMatrix {
                               1.000000, 0.000000,-0.000000, 0.000000,
                              -0.000000, 1.000000, 0.000000, 0.000000,
                               0.000000, 0.000000, 1.000000, 0.000000,
                               0.000011, 6.145401, 0.000008, 1.000000;;
                            }
                          } // End of Armature_mixamorig_LeftHandRing4
                        } // End of Armature_mixamorig_LeftHandRing3
                      } // End of Armature_mixamorig_LeftHandRing2
                    } // End of Armature_mixamorig_LeftHandRing1
                    Frame Armature_mixamorig_LeftHandThumb1 {
                      FrameTransformMatrix {
                         0.681316, 0.683499,-0.261988, 0.000000,
                        -0.501174, 0.696442, 0.513608, 0.000000,
                         0.533510,-0.218628, 0.817049, 0.000000,
                        -7.059599, 6.094487, 4.397219, 1.000000;;
                      }
                      Frame Armature_mixamorig_LeftHandThumb2 {
                        FrameTransformMatrix {
                           0.995054,-0.007560,-0.099049, 0.000000,
                           0.008033, 0.999958, 0.004381, 0.000000,
                           0.099012,-0.005155, 0.995073, 0.000000,
                           0.000004, 7.536491, 0.000010, 1.000000;;
                        }
                        Frame Armature_mixamorig_LeftHandThumb3 {
                          FrameTransformMatrix {
                             0.969444,-0.236679, 0.064512, 0.000000,
                             0.239065, 0.970473,-0.032081, 0.000000,
                            -0.055014, 0.046524, 0.997401, 0.000000,
                             0.000001, 7.512288,-0.000002, 1.000000;;
                          }
                          Frame Armature_mixamorig_LeftHandThumb4 {
                            FrameTransformMatrix {
                               1.000000,-0.000000, 0.000000, 0.000000,
                               0.000000, 1.000000, 0.000000, 0.000000,
                              -0.000000,-0.000000, 1.000000, 0.000000,
                               0.000004,10.212391,-0.000005, 1.000000;;
                            }
                          } // End of Armature_mixamorig_LeftHandThumb4
                        } // End of Armature_mixamorig_LeftHandThumb3
                      } // End of Armature_mixamorig_LeftHandThumb2
                    } // End of Armature_mixamorig_LeftHandThumb1
                  } // End of Armature_mixamorig_LeftHand
                } // End of Armature_mixamorig_LeftForeArm
              } // End of Armature_mixamorig_LeftArm
            } // End of Armature_mixamorig_LeftShoulder
            Frame Armature_mixamorig_Neck {
              FrameTransformMatrix {
                 0.990711,-0.135980, 0.001117, 0.000000,
                 0.122949, 0.892199,-0.434585, 0.000000,
                 0.058099, 0.430685, 0.900630, 0.000000,
                 0.000000,39.117599,11.976999, 1.000000;;
              }
              Frame Armature_mixamorig_Head {
                FrameTransformMatrix {
                   0.972908, 0.075460, 0.218533, 0.000000,
                  -0.075963, 0.997092,-0.006109, 0.000000,
                  -0.218358,-0.010657, 0.975811, 0.000000,
                   0.000001,14.552489,15.664108, 1.000000;;
                }
                Frame Armature_mixamorig_HeadTop_End {
                  FrameTransformMatrix {
                     1.000000, 0.000000, 0.000000, 0.000000,
                     0.000000, 1.000000, 0.000000, 0.000000,
                    -0.000000,-0.000000, 1.000000, 0.000000,
                     0.000001,15.601711, 7.553714, 1.000000;;
                  }
                } // End of Armature_mixamorig_HeadTop_End
                Frame Armature_mixamorig_Jaw {
                  FrameTransformMatrix {
                     1.000000, 0.000000, 0.000000, 0.000000,
                    -0.000000,-0.587429, 0.809276, 0.000000,
                     0.000000,-0.809276,-0.587429, 0.000000,
                     0.000000,-2.317779, 3.620704, 1.000000;;
                  }
                } // End of Armature_mixamorig_Jaw
                Frame Armature_mixamorig_LeftEye {
                  FrameTransformMatrix {
                     1.000000, 0.000000, 0.000000, 0.000000,
                     0.000000, 1.000000, 0.000000, 0.000000,
                    -0.000000,-0.000000, 1.000000, 0.000000,
                     3.528702, 2.462112,12.838223, 1.000000;;
                  }
                } // End of Armature_mixamorig_LeftEye
                Frame Armature_mixamorig_RightEye {
                  FrameTransformMatrix {
                     1.000000, 0.000000, 0.000000, 0.000000,
                     0.000000, 1.000000, 0.000000, 0.000000,
                    -0.000000,-0.000000, 1.000000, 0.000000,
                    -3.528700, 2.462110,12.838211, 1.000000;;
                  }
                } // End of Armature_mixamorig_RightEye
              } // End of Armature_mixamorig_Head
            } // End of Armature_mixamorig_Neck
            Frame Armature_mixamorig_RightShoulder {
              FrameTransformMatrix {
                -0.154386,-0.181165, 0.971259, 0.000000,
                -0.856783, 0.514100,-0.040296, 0.000000,
                -0.492024,-0.838379,-0.234589, 0.000000,
                -17.399500,24.614302, 1.157889, 1.000000;;
              }
              Frame Armature_mixamorig_RightArm {
                FrameTransformMatrix {
                   0.289523,-0.185411,-0.939042, 0.000000,
                  -0.271446, 0.924877,-0.266306, 0.000000,
                   0.917874, 0.332001, 0.217444, 0.000000,
                  -0.000010,19.910404, 0.000001, 1.000000;;
                }
                Frame Armature_mixamorig_RightArmour1 {
                  FrameTransformMatrix {
                    -0.000000,-1.000000,-0.000001, 0.000000,
                    -0.000000, 0.000001,-1.000000, 0.000000,
                     1.000000,-0.000000,-0.000000, 0.000000,
                    -1.467316, 5.012928,-18.471138, 1.000000;;
                  }
                  Frame Armature_mixamorig_RightArmour2 {
                    FrameTransformMatrix {
                      -0.915901, 0.232054,-0.327534, 0.000000,
                      -0.183487,-0.967759,-0.172553, 0.000000,
                      -0.357018,-0.097943, 0.928950, 0.000000,
                       3.884899,-9.462696,-18.584896, 1.000000;;
                    }
                    Frame Armature_mixamorig_RightArmour3 {
                      FrameTransformMatrix {
                         1.000000, 0.000000, 0.000000, 0.000000,
                        -0.000000, 1.000000, 0.000000, 0.000000,
                        -0.000000,-0.000000, 1.000000, 0.000000,
                        -0.000011,11.039485, 0.000008, 1.000000;;
                      }
                    } // End of Armature_mixamorig_RightArmour3
                  } // End of Armature_mixamorig_RightArmour2
                  Frame Armature_mixamorig_RightArmour4 {
                    FrameTransformMatrix {
                       0.708033,-0.251874, 0.659734, 0.000000,
                      -0.431906,-0.893578, 0.122374, 0.000000,
                       0.558701,-0.371588,-0.741469, 0.000000,
                      -2.648915,-11.494581,22.195297, 1.000000;;
                    }
                    Frame Armature_mixamorig_RightArmour5 {
                      FrameTransformMatrix {
                         1.000000, 0.000000, 0.000000, 0.000000,
                        -0.000000, 1.000000, 0.000000, 0.000000,
                        -0.000000,-0.000000, 1.000000, 0.000000,
                        -0.000017,11.039488,-0.000002, 1.000000;;
                      }
                    } // End of Armature_mixamorig_RightArmour5
                  } // End of Armature_mixamorig_RightArmour4
                } // End of Armature_mixamorig_RightArmour1
                Frame Armature_mixamorig_RightForeArm {
                  FrameTransformMatrix {
                     1.000000,-0.000000,-0.000000, 0.000000,
                     0.000000, 1.000000, 0.000001, 0.000000,
                     0.000000,-0.000001, 1.000000, 0.000000,
                    -0.000011,49.301304, 0.000019, 1.000000;;
                  }
                  Frame Armature_mixamorig_RightHand {
                    FrameTransformMatrix {
                       0.547942,-0.352977,-0.758397, 0.000000,
                      -0.122238, 0.863096,-0.490023, 0.000000,
                       0.827537, 0.361209, 0.429780, 0.000000,
                       0.000008,31.604984, 0.000003, 1.000000;;
                    }
                    Frame Armature_mixamorig_RightHandIndex1 {
                      FrameTransformMatrix {
                         0.956486,-0.291412,-0.014652, 0.000000,
                         0.291753, 0.955876, 0.034366, 0.000000,
                         0.003991,-0.037145, 0.999302, 0.000000,
                         6.192895,21.270983, 0.498987, 1.000000;;
                      }
                      Frame Armature_mixamorig_RightHandIndex2 {
                        FrameTransformMatrix {
                           0.999872, 0.015975, 0.001059, 0.000000,
                          -0.015975, 0.991126, 0.131964, 0.000000,
                           0.001059,-0.131964, 0.991254, 0.000000,
                          -0.000004, 7.535989,-0.000007, 1.000000;;
                        }
                        Frame Armature_mixamorig_RightHandIndex3 {
                          FrameTransformMatrix {
                             0.999985, 0.005380, 0.000120, 0.000000,
                            -0.005380, 0.998997, 0.044441, 0.000000,
                             0.000120,-0.044441, 0.999012, 0.000000,
                             0.000010, 7.512972, 0.000009, 1.000000;;
                          }
                          Frame Armature_mixamorig_RightHandIndex4 {
                            FrameTransformMatrix {
                               1.000000, 0.000000,-0.000000, 0.000000,
                               0.000000, 1.000000,-0.000000, 0.000000,
                               0.000000, 0.000000, 1.000000, 0.000000,
                              -0.000001,10.211998, 0.000020, 1.000000;;
                            }
                          } // End of Armature_mixamorig_RightHandIndex4
                        } // End of Armature_mixamorig_RightHandIndex3
                      } // End of Armature_mixamorig_RightHandIndex2
                    } // End of Armature_mixamorig_RightHandIndex1
                    Frame Armature_mixamorig_RightHandMiddle1 {
                      FrameTransformMatrix {
                         0.998812,-0.048681,-0.002072, 0.000000,
                         0.048703, 0.998733, 0.012694, 0.000000,
                         0.001451,-0.012780, 0.999917, 0.000000,
                        -0.016514,23.333975, 0.008984, 1.000000;;
                      }
                      Frame Armature_mixamorig_RightHandMiddle2 {
                        FrameTransformMatrix {
                           0.999850, 0.017256, 0.001236, 0.000000,
                          -0.017256, 0.989637, 0.142548, 0.000000,
                           0.001236,-0.142548, 0.989787, 0.000000,
                          -0.000006, 6.996977, 0.000005, 1.000000;;
                        }
                        Frame Armature_mixamorig_RightHandMiddle3 {
                          FrameTransformMatrix {
                             0.999781, 0.020742, 0.002763, 0.000000,
                            -0.020907, 0.984708, 0.172956, 0.000000,
                             0.000866,-0.172976, 0.984926, 0.000000,
                             0.000004, 7.016020, 0.000011, 1.000000;;
                          }
                          Frame Armature_mixamorig_RightHandMiddle4 {
                            FrameTransformMatrix {
                               1.000000, 0.000000, 0.000000, 0.000000,
                               0.000000, 1.000000, 0.000000, 0.000000,
                              -0.000000,-0.000000, 1.000000, 0.000000,
                               0.000008, 7.720989, 0.000026, 1.000000;;
                            }
                          } // End of Armature_mixamorig_RightHandMiddle4
                        } // End of Armature_mixamorig_RightHandMiddle3
                      } // End of Armature_mixamorig_RightHandMiddle2
                    } // End of Armature_mixamorig_RightHandMiddle1
                    Frame Armature_mixamorig_RightHandPinky1 {
                      FrameTransformMatrix {
                         0.917068, 0.387799, 0.092721, 0.000000,
                        -0.398314, 0.901616, 0.168628, 0.000000,
                        -0.018205,-0.191575, 0.981309, 0.000000,
                        -11.443213,18.880989, 0.461982, 1.000000;;
                      }
                      Frame Armature_mixamorig_RightHandPinky2 {
                        FrameTransformMatrix {
                           0.999703, 0.024254, 0.002455, 0.000000,
                          -0.024254, 0.979423, 0.200355, 0.000000,
                           0.002455,-0.200355, 0.979720, 0.000000,
                           0.000004, 4.919998, 0.000020, 1.000000;;
                        }
                        Frame Armature_mixamorig_RightHandPinky3 {
                          FrameTransformMatrix {
                             1.000000,-0.000000, 0.000000, 0.000000,
                             0.000000, 1.000000, 0.000000, 0.000000,
                             0.000000,-0.000000, 1.000000, 0.000000,
                            -0.000015, 5.232994, 0.000015, 1.000000;;
                          }
                          Frame Armature_mixamorig_RightHandPinky4 {
                            FrameTransformMatrix {
                               1.000000,-0.000000, 0.000000, 0.000000,
                               0.000000, 1.000000, 0.000000, 0.000000,
                               0.000000,-0.000000, 1.000000, 0.000000,
                               0.000015, 5.570995, 0.000006, 1.000000;;
                            }
                          } // End of Armature_mixamorig_RightHandPinky4
                        } // End of Armature_mixamorig_RightHandPinky3
                      } // End of Armature_mixamorig_RightHandPinky2
                    } // End of Armature_mixamorig_RightHandPinky1
                    Frame Armature_mixamorig_RightHandRing1 {
                      FrameTransformMatrix {
                         0.987186, 0.158557, 0.017965, 0.000000,
                        -0.159474, 0.984250, 0.076284, 0.000000,
                        -0.005587,-0.078171, 0.996924, 0.000000,
                        -6.516909,22.686001, 0.103979, 1.000000;;
                      }
                      Frame Armature_mixamorig_RightHandRing2 {
                        FrameTransformMatrix {
                           0.999688, 0.024827, 0.002573, 0.000000,
                          -0.024827, 0.978427, 0.205094, 0.000000,
                           0.002574,-0.205093, 0.978739, 0.000000,
                           0.000000, 6.408993, 0.000001, 1.000000;;
                        }
                        Frame Armature_mixamorig_RightHandRing3 {
                          FrameTransformMatrix {
                             0.999857, 0.009632,-0.013923, 0.000000,
                            -0.008666, 0.997658, 0.067853, 0.000000,
                             0.014544,-0.067723, 0.997598, 0.000000,
                             0.000011, 6.149998,-0.000004, 1.000000;;
                          }
                          Frame Armature_mixamorig_RightHandRing4 {
                            FrameTransformMatrix {
                               1.000000, 0.000000, 0.000000, 0.000000,
                              -0.000000, 1.000000, 0.000000, 0.000000,
                              -0.000000,-0.000000, 1.000000, 0.000000,
                              -0.000004, 6.145992, 0.000031, 1.000000;;
                            }
                          } // End of Armature_mixamorig_RightHandRing4
                        } // End of Armature_mixamorig_RightHandRing3
                      } // End of Armature_mixamorig_RightHandRing2
                    } // End of Armature_mixamorig_RightHandRing1
                    Frame Armature_mixamorig_RightHandThumb1 {
                      FrameTransformMatrix {
                         0.880163,-0.473318, 0.035823, 0.000000,
                         0.426876, 0.822284, 0.376333, 0.000000,
                        -0.207582,-0.315942, 0.925792, 0.000000,
                         7.059692, 6.093994, 4.396967, 1.000000;;
                      }
                      Frame Armature_mixamorig_RightHandThumb2 {
                        FrameTransformMatrix {
                           0.999969, 0.000545,-0.007917, 0.000000,
                          -0.000270, 0.999397, 0.034731, 0.000000,
                           0.007931,-0.034728, 0.999365, 0.000000,
                          -0.000001, 7.536294, 0.000000, 1.000000;;
                        }
                        Frame Armature_mixamorig_RightHandThumb3 {
                          FrameTransformMatrix {
                             0.989771,-0.142652, 0.001857, 0.000000,
                             0.142600, 0.988856,-0.042763, 0.000000,
                             0.004263, 0.042591, 0.999084, 0.000000,
                            -0.000006, 7.512707, 0.000004, 1.000000;;
                          }
                          Frame Armature_mixamorig_RightHandThumb4 {
                            FrameTransformMatrix {
                               1.000000,-0.000001, 0.000002, 0.000000,
                               0.000001, 1.000000, 0.000001, 0.000000,
                              -0.000002,-0.000001, 1.000000, 0.000000,
                              -0.000008,10.212723,-0.000008, 1.000000;;
                            }
                          } // End of Armature_mixamorig_RightHandThumb4
                        } // End of Armature_mixamorig_RightHandThumb3
                      } // End of Armature_mixamorig_RightHandThumb2
                    } // End of Armature_mixamorig_RightHandThumb1
                  } // End of Armature_mixamorig_RightHand
                } // End of Armature_mixamorig_RightForeArm
              } // End of Armature_mixamorig_RightArm
            } // End of Armature_mixamorig_RightShoulder
          } // End of Armature_mixamorig_Spine2
        } // End of Armature_mixamorig_Spine1
      } // End of Armature_mixamorig_Spine
    } // End of Armature_mixamorig_Hips
  } // End of Armature
} // End of Root
AnimationSet Global {
  Animation {
    {Armature}
    AnimationKey { // Rotation
      0;
      93;
      0;4;-0.707107, 0.707107, 0.000000, 0.000000;;,
      1;4;-0.707107, 0.707107, 0.000000, 0.000000;;,
      2;4;-0.707107, 0.707107, 0.000000, 0.000000;;,
      3;4;-0.707107, 0.707107, 0.000000, 0.000000;;,
      4;4;-0.707107, 0.707107, 0.000000, 0.000000;;,
      5;4;-0.707107, 0.707107, 0.000000, 0.000000;;,
      6;4;-0.707107, 0.707107, 0.000000, 0.000000;;,
      7;4;-0.707107, 0.707107, 0.000000, 0.000000;;,
      8;4;-0.707107, 0.707107, 0.000000, 0.000000;;,
      9;4;-0.707107, 0.707107, 0.000000, 0.000000;;,
      10;4;-0.707107, 0.707107, 0.000000, 0.000000;;,
      11;4;-0.707107, 0.707107, 0.000000, 0.000000;;,
      12;4;-0.707107, 0.707107, 0.000000, 0.000000;;,
      13;4;-0.707107, 0.707107, 0.000000, 0.000000;;,
      14;4;-0.707107, 0.707107, 0.000000, 0.000000;;,
      15;4;-0.707107, 0.707107, 0.000000, 0.000000;;,
      16;4;-0.707107, 0.707107, 0.000000, 0.000000;;,
      17;4;-0.707107, 0.707107, 0.000000, 0.000000;;,
      18;4;-0.707107, 0.707107, 0.000000, 0.000000;;,
      19;4;-0.707107, 0.707107, 0.000000, 0.000000;;,
      20;4;-0.707107, 0.707107, 0.000000, 0.000000;;,
      21;4;-0.707107, 0.707107, 0.000000, 0.000000;;,
      22;4;-0.707107, 0.707107, 0.000000, 0.000000;;,
      23;4;-0.707107, 0.707107, 0.000000, 0.000000;;,
      24;4;-0.707107, 0.707107, 0.000000, 0.000000;;,
      25;4;-0.707107, 0.707107, 0.000000, 0.000000;;,
      26;4;-0.707107, 0.707107, 0.000000, 0.000000;;,
      27;4;-0.707107, 0.707107, 0.000000, 0.000000;;,
      28;4;-0.707107, 0.707107, 0.000000, 0.000000;;,
      29;4;-0.707107, 0.707107, 0.000000, 0.000000;;,
      30;4;-0.707107, 0.707107, 0.000000, 0.000000;;,
      31;4;-0.707107, 0.707107, 0.000000, 0.000000;;,
      32;4;-0.707107, 0.707107, 0.000000, 0.000000;;,
      33;4;-0.707107, 0.707107, 0.000000, 0.000000;;,
      34;4;-0.707107, 0.707107, 0.000000, 0.000000;;,
      35;4;-0.707107, 0.707107, 0.000000, 0.000000;;,
      36;4;-0.707107, 0.707107, 0.000000, 0.000000;;,
      37;4;-0.707107, 0.707107, 0.000000, 0.000000;;,
      38;4;-0.707107, 0.707107, 0.000000, 0.000000;;,
      39;4;-0.707107, 0.707107, 0.000000, 0.000000;;,
      40;4;-0.707107, 0.707107, 0.000000, 0.000000;;,
      41;4;-0.707107, 0.707107, 0.000000, 0.000000;;,
      42;4;-0.707107, 0.707107, 0.000000, 0.000000;;,
      43;4;-0.707107, 0.707107, 0.000000, 0.000000;;,
      44;4;-0.707107, 0.707107, 0.000000, 0.000000;;,
      45;4;-0.707107, 0.707107, 0.000000, 0.000000;;,
      46;4;-0.707107, 0.707107, 0.000000, 0.000000;;,
      47;4;-0.707107, 0.707107, 0.000000, 0.000000;;,
      48;4;-0.707107, 0.707107, 0.000000, 0.000000;;,
      49;4;-0.707107, 0.707107, 0.000000, 0.000000;;,
      50;4;-0.707107, 0.707107, 0.000000, 0.000000;;,
      51;4;-0.707107, 0.707107, 0.000000, 0.000000;;,
      52;4;-0.707107, 0.707107, 0.000000, 0.000000;;,
      53;4;-0.707107, 0.707107, 0.000000, 0.000000;;,
      54;4;-0.707107, 0.707107, 0.000000, 0.000000;;,
      55;4;-0.707107, 0.707107, 0.000000, 0.000000;;,
      56;4;-0.707107, 0.707107, 0.000000, 0.000000;;,
      57;4;-0.707107, 0.707107, 0.000000, 0.000000;;,
      58;4;-0.707107, 0.707107, 0.000000, 0.000000;;,
      59;4;-0.707107, 0.707107, 0.000000, 0.000000;;,
      60;4;-0.707107, 0.707107, 0.000000, 0.000000;;,
      61;4;-0.707107, 0.707107, 0.000000, 0.000000;;,
      62;4;-0.707107, 0.707107, 0.000000, 0.000000;;,
      63;4;-0.707107, 0.707107, 0.000000, 0.000000;;,
      64;4;-0.707107, 0.707107, 0.000000, 0.000000;;,
      65;4;-0.707107, 0.707107, 0.000000, 0.000000;;,
      66;4;-0.707107, 0.707107, 0.000000, 0.000000;;,
      67;4;-0.707107, 0.707107, 0.000000, 0.000000;;,
      68;4;-0.707107, 0.707107, 0.000000, 0.000000;;,
      69;4;-0.707107, 0.707107, 0.000000, 0.000000;;,
      70;4;-0.707107, 0.707107, 0.000000, 0.000000;;,
